11211111111
122111112
1121111211
1111111221
112212111
1111122111
11111121111
121211121
111112221
1112111112
12221211
1222221
1111121211
1111211112
112121211
111212121
1211211111
1111121121
111122112
111111222
122111121
112112211
1112211111
112111221
1111112112
1112112111
121112112
111111111111
11222211
1211121111
11221212
112122111
11111111211
121112211
121122111
12111111111
12122112
111121221
121211112
121112121
12112212
112211211
1111111122
1121111112
11122122
1122222
111221121
11221221
1121112111
112111212
1111112211
1221111111
12122121
112211112
12221112
111211212
121121211
11221122
1221222
11111111112
112211121
121221111
111121212
112221111
111112122
122121111
1211111112
12211122
111222111
1112111211
12212112
12222111
111121122
111112212
122211111
12212211
12121122
12111222
121121112
1211111211
1112111121
12211212
11121111111
111211221
112121112
1212222
12211221
11111211111
11222112
11111112111
111212112
112111122
12221121
1121121111
121212111
1121111121
11212212
12212121
1111212111
1212111111
1222122
121211211
1211112111
11222121
111221211
1111211211
111212211
111122211
12121212
1111121112
1222212
1122111111
112112121
12112221
11121222
112121121
121121121
12112122
1111211121
1112121111
112112112
12121221
122111211
11122221
1111111212
11212122
122112111
1111112121
121111221
11112222
11111111121
11212221
121111212
121111122
11122212
111221112
1121211111
11211222
12122211
1211111121
111122121
11112111111
111211122
