-79
96
-48
99
-88
-3
-66
41
17
-16
-48
45
23
-79
-66
-79
81
87
22
83
-32
-82
-84
58
66
56
8
11
43
36
80
64
32
-68
62
-6
-21
46
85
46
81
-63
-10
-47
-92
25
-26
89
-39
47
21
29
65
37
-63
-20
-58
45
41
35
-70
-29
-2
12
-47
-90
-95
32
56
41
-23
-14
28
17
39
-14
-59
64
-76
-47
10
46
32
-76
-68
69
-46
-25
-37
96
60
-6
-34
-42
-95
19
-82
62
-100
24
2
-23
-90
-71
44
49
15
86
12
39
89
72
-66
20
46
-33
-11
-100
-8
52
46
-49
96
62
-41
-99
-20
-23
13
-70
-99
-86
-43
62
94
-100
10
-42
36
73
47
24
-6
82
-56
-60
-52
-17
91
-10
85
36
41
81
-3
51
32
27
-73
-56
57
79
-42
64
40
-99
64
-100
-41
0
73
56
-77
-84
37
-83
-94
35
0
97
-76
-15
-18
16
-35
29
-84
47
-95
-57
91
12
73
99
-25
12
100
-61
12
-92
39
-66
64
12
-49
1
30
-93
86
-71
-96
61
-36
-64
-74
29
66
-58
-25
71
-15
-85
-67
-93
-87
8
20
-88
47
82
71
-15
67
35
48
68
86
-23
75
71
6
29
31
71
66
57
-51
-19
99
-25
-99
-66
-10
-66
-59
-46
43
11
-84
-61
-57
88
-25
-91
22
-78
77
7
-1
1
-23
-96
-70
59
25
96
15
25
-74
-36
100
-73
-52
-61
-88
-11
-7
5
51
10
44
94
-53
-82
53
69
-60
29
-75
39
80
-48
-6
-91
-90
69
55
-24
-7
81
40
-58
59
38
-68
21
77
-25
-75
27
35
69
-30
82
88
-78
0
78
1
25
-33
-19
78
11
-10
88
-21
96
-87
23
26
53
15
-16
-60
47
55
-83
73
80
44
7
-1
-86
-11
-64
87
89
-87
-12
-36
-70
69
-59
41
-92
-72
71
54
-58
-57
-20
45
58
14
36
-45
-31
53
-73
-52
-4
34
-3
-40
73
33
-53
12
47
-15
76
77
-97
-84
-32
-89
95
-62
16
87
-19
96
-18
89
9
-83
-57
28
70
-80
77
-85
5
-27
-24
-23
57
-27
39
3
58
14
-71
11
-20
-3
-28
-75
35
88
-89
66
83
-57
55
-58
-40
48
70
80
69
-4
96
-77
20
-79
-50
-24
-56
90
79
52
-47
58
-38
-16
-45
34
9
40
22
-30
-44
4
14
-90
-4
24
8
-34
4
-74
62
-51
-51
-19
-30
-50
57
14
-61
-15
-85
-58
-57
-23
26
-52
-90
85
88
32
-45
-57
87
19
-97
-18
93
