15 21
47 53
17 58
70 73
18 35
36 71
59 73
29 32
36 80
0 5
9 72
77 99
21 46
5 92
11 23
6 57
17 94
21 55
10 36
41 51
25 34
25 43
73 92
25 52
14 15
39 99
3 24
51 73
4 87
74 84
24 65
35 65
13 74
35 74
32 87
15 16
16 70
24 74
35 83
1 81
15 25
96 99
35 92
13 92
47 66
18 30
47 75
9 58
29 36
6 34
80 81
58 81
29 45
9 76
5 87
29 54
77 94
48 58
69 99
81 82
19 98
62 78
81 91
31 72
73 87
2 45
31 81
10 58
23 77
20 90
14 19
32 64
14 28
35 60
3 37
14 37
32 82
36 43
43 91
1 85
47 52
35 87
5 46
9 44
17 57
36 70
38 89
58 76
21 36
29 49
27 79
92 96
69 94
61 90
50 90
10 17
19 84
42 86
62 64
11 89
39 80
2 40
3 5
12 72
43 50
20 94
14 23
32 59
4 77
87 93
1 53
12 99
13 64
35 64
24 64
17 25
1 71
13 73
35 73
24 73
36 38
36 47
7 11
1 89
36 56
47 56
68 88
57 88
17 52
28 61
15 91
49 93
69 71
77 84
7 96
40 44
29 44
50 76
58 80
6 51
8 70
61 85
10 12
19 79
42 81
0 75
10 21
42 90
10 30
0 84
42 99
20 62
62 77
32 36
23 67
3 9
43 45
23 76
35 41
31 89
53 86
13 50
72 99
24 50
23 94
24 59
56 91
5 27
1 75
65 78
68 74
9 34
68 83
6 19
15 86
26 95
9 61
58 75
50 71
39 43
19 74
20 39
61 89
27 87
19 83
20 48
12 44
12 53
75 91
0 97
84 87
4 67
35 45
64 81
53 90
24 54
4 85
56 86
35 63
13 63
9 11
34 95
46 60
64 99
17 24
16 68
57 69
38 65
5 40
49 74
15 81
26 81
46 96
7 77
38 92
50 57
49 92
69 70
18 95
58 79
42 62
11 56
30 78
0 74
12 39
30 87
60 88
20 52
83 90
12 48
8 87
52 93
12 57
23 66
12 66
13 31
4 62
43 44
12 75
64 85
16 45
87 96
53 94
64 94
5 17
37 86
65 68
15 67
38 69
27 50
58 65
30 46
18 81
18 90
61 70
63 89
11 51
19 64
20 29
27 77
39 42
42 75
20 38
11 78
23 52
52 88
31 65
12 52
75 99
53 62
53 71
25 89
72 84
24 44
1 42
34 76
37 72
3 70
34 85
16 49
3 79
9 10
49 55
9 19
46 68
26 53
37 99
7 58
26 71
8 32
19 32
27 45
26 89
79 92
42 52
27 63
0 46
18 94
42 61
71 97
0 64
83 89
75 85
60 96
25 75
16 17
24 30
53 66
72 79
53 75
56 80
3 74
37 76
3 83
26 48
15 48
86 99
67 95
26 57
78 95
7 53
18 53
49 68
15 66
7 71
82 83
29 77
8 54
8 63
20 28
40 95
4 20
41 69
12 42
1 5
10 72
52 87
13 16
1 14
93 97
64 70
56 66
16 30
37 62
14 60
34 75
14 69
26 34
3 78
15 43
37 80
46 58
59 77
3 87
18 39
78 81
14 78
70 86
89 90
15 52
49 63
18 57
59 95
19 22
15 70
0 18
7 66
11 18
27 44
63 65
9 94
29 72
48 85
8 49
40 81
21 77
29 90
12 19
31 32
6 97
52 64
41 64
33 69
4 33
10 76
34 43
52 91
1 18
25 74
74 88
2 81
37 48
74 97
85 97
37 57
3 64
26 29
22 77
13 96
15 29
3 73
37 75
15 47
78 85
97 98
70 81
55 92
67 94
36 88
8 17
17 84
7 61
5 91
0 22
29 58
71 82
9 98
40 76
29 76
21 72
63 87
41 50
44 46
29 94
12 23
52 59
21 90
4 19
33 55
10 62
44 73
33 73
45 47
74 83
51 90
24 91
3 68
55 69
1 98
67 80
19 21
0 17
48 66
8 30
63 64
6 60
71 77
48 75
6 69
11 35
29 71
21 67
63 73
41 45
52 54
81 99
25 46
22 31
74 87
85 96
24 86
7 15
16 82
13 95
36 60
26 37
59 71
18 33
59 80
70 80
0 3
70 89
9 70
47 87
28 83
29 48
47 96
5 81
28 92
92 95
58 93
29 57
48 79
29 75
10 34
25 32
4 9
44 45
52 58
44 54
2 48
33 63
22 26
3 22
66 69
14 31
12 98
3 40
4 94
32 85
3 49
36 46
24 90
1 88
18 19
55 68
24 99
55 86
29 34
21 39
28 87
0 16
50 84
6 59
80 97
40 70
10 29
33 49
2 43
51 57
54 90
14 17
25 54
23 84
22 30
2 61
51 66
74 77
13 58
24 58
43 71
14 35
51 84
13 67
85 86
4 98
3 44
14 44
43 89
15 18
24 85
7 14
43 98
55 63
13 94
55 72
28 64
38 96
9 60
69 74
29 38
58 74
40 47
61 79
92 94
61 97
42 93
8 91
2 20
10 33
39 78
10 42
10 51
12 70
23 70
84 95
12 88
13 62
66 77
43 75
17 32
1 78
7 9
65 81
55 58
17 41
1 87
35 89
28 41
9 46
17 59
77 82
50 65
5 75
21 29
6 40
9 73
61 74
40 42
58 87
42 70
21 38
69 96
61 92
10 19
2 15
0 82
8 95
30 95
25 26
0 91
32 34
39 82
12 65
54 80
32 43
51 56
20 87
32 52
13 48
24 48
32 61
84 99
51 74
43 61
24 57
53 93
4 97
45 98
16 62
24 75
36 40
9 23
65 76
28 36
43 79
36 49
9 32
16 80
57 81
47 58
88 96
49 86
9 50
57 99
6 26
46 99
6 35
69 73
77 86
80 91
2 10
61 96
27 94
54 57
23 51
12 51
19 99
39 77
11 95
12 69
13 34
84 85
35 43
72 92
24 52
87 90
35 52
4 92
5 20
35 70
5 29
37 98
3 96
36 44
17 40
5 38
3 56
68 76
9 27
17 49
65 80
76 98
15 79
7 84
61 64
27 62
18 93
42 60
50 73
69 86
42 69
61 82
39 45
27 80
19 76
42 78
2 5
39 54
10 18
30 85
31 50
12 46
30 94
20 59
23 46
23 64
31 77
4 60
16 25
32 51
12 82
24 47
64 83
16 43
1 54
1 63
16 61
22 95
14 91
9 22
57 71
76 84
9 40
5 51
49 85
42 46
90 95
19 53
42 55
61 68
18 97
42 64
7 97
50 77
39 40
11 58
42 73
31 45
75 79
54 56
20 54
60 99
24 33
32 46
43 46
45 65
53 78
56 74
64 87
16 47
22 81
45 83
56 83
46 57
5 19
37 88
9 17
65 79
57 75
57 84
46 84
15 78
38 80
6 20
27 52
18 83
8 48
15 96
90 99
0 44
7 92
71 95
11 53
29 98
23 27
8 75
60 76
2 4
11 71
23 36
20 49
83 87
4 32
23 45
41 81
44 77
23 54
13 19
44 86
4 50
16 24
56 60
24 37
1 35
53 73
13 37
45 69
22 67
2 98
37 74
44 81
34 96
3 90
26 55
57 70
18 51
3 99
68 70
27 29
26 64
59 98
18 60
38 75
8 25
70 98
15 82
26 82
7 78
71 81
29 84
12 13
71 99
82 99
31 35
4 18
0 66
12 31
83 91
4 36
23 49
13 14
4 45
33 81
41 94
1 21
52 94
33 90
16 19
34 55
25 86
10 88
33 99
34 64
53 59
2 93
53 77
45 55
14 67
22 80
46 47
3 76
26 41
37 78
86 92
38 52
9 16
57 65
18 46
49 61
26 59
70 93
8 20
17 96
0 25
7 73
63 72
7 82
48 83
30 47
19 47
0 34
82 94
20 21
19 56
29 88
52 53
40 88
52 62
60 75
12 35
60 84
33 67
23 44
10 74
52 89
13 18
22 48
56 59
45 59
2 88
3 53
34 59
25 99
14 62
22 84
18 32
14 80
78 83
3 80
86 96
67 83
3 89
15 54
36 86
36 95
11 20
11 29
29 74
48 87
29 83
6 81
48 96
20 25
52 57
60 79
33 62
10 60
1 2
33 71
4 35
52 84
33 80
10 78
25 76
85 90
22 61
45 63
2 92
22 70
3 75
55 76
7 36
15 49
7 45
15 58
28 77
17 77
47 90
8 19
9 82
17 95
40 69
48 82
21 65
0 42
11 42
21 74
40 96
52 61
73 93
44 57
10 55
25 53
1 6
44 75
10 73
74 85
51 83
2 78
32 79
22 56
37 54
32 88
24 84
66 99
15 26
55 71
18 31
15 44
59 78
18 40
78 91
67 91
0 1
47 85
7 49
17 81
70 96
5 88
11 19
29 64
40 64
6 62
0 28
63 66
6 71
29 73
29 82
41 47
25 30
10 41
62 79
25 39
4 16
41 65
2 46
73 97
44 61
2 55
25 57
10 68
51 69
22 33
51 78
14 38
37 40
43 74
66 76
14 56
