2121111211
22121122
121211212
111122221
111222121
111122212
2112111211
1111212211
1111121221
122212111
111212221
111212212
1112211211
21221212
211221112
111221122
211122121
211212121
121112122
1211112121
22221112
22212121
121122121
122221111
22122121
2111211112
1211121211
212121211
22111111111
221112112
12112222
212111122
21212221
111212122
12111121111
221212111
121221112
2121121111
122112211
1212112111
11111221111
22121212
211211122
212112112
122121211
1221111211
211112212
222111121
121112212
1121112121
12121222
1211111212
112111222
11121121111
1112111122
212121121
22111222
21111211111
1121121112
1121121121
11212222
11121111112
221122111
22112221
1212121111
11121211111
222112111
2121211111
12111111211
11211211111
22212112
211222111
211212112
11211111121
111121111111
121111222
121212112
12221212
11221222
121121221
1112121112
21211111111
121222111
112221112
1111121212
11111121121
112211221
221111221
122111212
21111111112
1112211121
1211122111
11121111121
1211212111
11111111122
1212111112
22221211
211121122
112221211
1211121112
11111121112
121112221
111112222
211122211
122211211
11111211121
221111212
1111122112
12212212
1121211211
112212121
1122111211
1121212111
2112111112
2211111211
212211211
12111211111
221211211
11222212
11112111121
222111112
211121221
1211121121
221211121
112121212
121122211
11111211211
12211222
111111211111
22222111
1221121111
1122111112
1122211111
11121111211
2221222
21112111111
112112221
11112211111
111111111112
12222112
2112112111
1111111111111
11221111111
211212211
1112112121
121122112
211221121
211211221
2111121112
111111121111
2111211121
221121121
221121112
12122221
22112122
1212211111
11112112111
2222122
1112112112
212211112
1111211122
21121111111
2211112111
22211221
212112121
1121121211
211112221
122121112
1112121211
112121221
21222211
1111122121
1111122211
111211222
11111122111
212121112
11111111221
1112221111
1211112211
122112112
1211211211
111111111121
1122112111
1112121121
122111221
11112111112
12221122
11112121111
121211221
211121212
1112212111
12211111111
111221221
11121112111
12122212
1222222
1111111222
2111111221
211211212
22211122
11211111112
2122222
12121111111
122211121
212122111
2112211111
1121211121
1211112112
2111112211
2221111111
11111211112
112212211
1121111212
12221221
11222122
112122121
2111112121
111221212
11111212111
1112111212
22121221
111112111111
1112211112
21221221
221121211
12111111112
112112122
122111122
1221111112
212112211
1111211212
221112121
12112111111
21112222
121221121
1111221121
211221211
1112111221
2111221111
1222111111
111211111111
121212211
2111211211
112122211
1121111221
12212221
1111222111
111111112111
1121111122
2121111121
1212111211
1111112212
221211112
112111111111
121121212
11122222
1111211221
112212112
21121222
1122111121
2212222
11122111111
122211112
212111212
12122122
221221111
21222112
212211121
1121221111
21211222
111222112
12222121
2211111112
21111121111
1111112221
22122211
222121111
1122121111
11211112111
11112111211
2111111212
1111221211
2121112111
212221111
1121211112
11211121111
121111111111
112112212
2111212111
111121222
1121112112
1111112122
1121112211
22212211
212212111
1211211121
2112121111
122121121
2111111122
22122112
211122112
2212111111
21212122
112211122
11212111111
212111221
11222221
112222111
2112111121
122112121
2111112112
21222121
2111121121
111111111211
21122221
11111121211
12212122
21111112111
111122122
22211212
2222212
2111121211
1221211111
2122111111
1111121122
21111111121
12222211
221111122
2211211111
111222211
112121122
222111211
221112211
1212111121
112122112
11211111211
11111111212
21122212
21221122
1112122111
1111212121
2111122111
1221112111
22221121
122122111
211111222
11111112112
121211122
1111221112
2121111112
1211211112
211111111111
12111111121
1112112211
1211111221
222211111
211112122
1211111122
1211221111
121121122
21212212
12111112111
21111111211
1111212112
112211212
121221211
22112212
2211121111
121212121
1221111121
2211111121
112221121
11111112121
2222221
1121122111
21122122
