4
-84
40
51
4
64
75
-34
15
76
-78
2
-84
-56
-50
76
40
-20
-18
12
15
-51
77
-38
23
80
68
-91
-93
63
24
-39
30
-36
-89
-67
78
36
-51
-58
-38
-29
-6
-22
-35
44
-97
-96
74
-14
-33
-62
35
-57
0
-93
73
-83
67
31
81
-10
92
-40
4
54
-57
-69
-61
-8
-27
1
13
67
30
78
-40
33
32
84
69
99
-79
-47
92
-28
-40
65
-11
-74
-5
-81
17
-64
-71
-80
40
-28
-48
80
64
-25
-70
-24
93
60
-97
-98
-57
-14
37
-89
-66
58
-35
-74
80
25
41
-81
52
86
-62
-82
-79
-82
89
12
-10
-60
-9
-96
-34
-29
-70
-42
-69
85
-90
-26
-30
47
-65
4
-45
0
-20
-66
76
71
-47
27
56
-58
-5
28
-40
-17
-61
0
-26
-20
4
40
51
35
48
82
19
58
-95
39
-45
-59
93
10
-9
-27
44
-34
94
48
43
50
90
-63
-73
100
21
-34
-1
45
-4
-97
-16
-54
-12
82
79
57
-11
34
-55
44
25
-63
-47
-84
-40
48
-68
-46
-55
76
-97
85
-88
81
84
-17
97
-68
-73
-8
-65
-39
-12
-27
-58
-84
80
32
51
-76
-25
-75
-38
-21
-59
22
77
-26
26
-79
100
-21
-95
-89
-41
39
-55
-45
71
-78
47
57
-16
86
-71
26
-99
60
-93
52
34
-67
28
96
12
69
-32
-62
93
44
-41
92
-77
-86
54
-18
53
99
38
-27
71
-66
-71
-46
-81
-91
31
-79
69
38
23
2
21
-50
-52
-68
70
-34
-80
62
-91
-21
4
-68
-57
-93
15
46
56
-98
-81
26
-64
-52
81
-94
-43
-39
-73
76
49
50
-22
-30
51
-24
-48
20
42
-27
-69
1
52
-15
34
46
-8
99
-9
-53
51
10
74
37
59
4
43
66
65
70
42
-37
-30
70
33
71
-55
86
-60
37
-42
-29
88
60
7
-29
5
49
-81
97
97
70
-44
20
7
-86
74
-51
81
-12
-81
-28
51
-61
-59
-16
-91
-64
-31
-51
23
-23
-30
10
-64
77
32
-8
26
51
-62
-28
21
-6
42
-73
-41
15
-24
90
53
-55
-39
3
-66
-48
37
-57
-12
56
-58
61
-68
13
-80
-81
-61
52
11
15
3
49
37
-77
93
-22
-100
-49
43
-74
-60
-5
-28
-49
49
-44
3
-65
0
41
92
-8
1
74
-96
-28
43
95
-77
-47
9
26
52
-54
-1
-5
-26
-1
-4
68
26
37
-38
48
38
61
-97
-59
47
3
32
38
46
84
-39
50
-45
-96
-6
-22
-93
-97
55
10
100
-47
55
-77
53
-50
91
-22
37
-97
-75
-25
14
-72
-34
-40
-18
98
48
-73
81
-91
27
-65
64
-79
-36
21
75
-82
81
24
-29
35
47
74
86
38
-49
22
-9
-74
47
-96
-95
-88
-35
-63
-90
-88
-86
91
72
-9
77
35
12
-60
-94
-64
-92
87
60
-21
-28
7
-47
-93
95
-46
29
-15
-69
-74
-11
87
-62
54
-77
-52
17
88
90
-12
-22
66
74
91
56
80
77
64
16
37
93
88
94
96
95
88
-100
-26
-28
-69
0
11
-83
-12
-85
91
37
32
78
-24
70
-45
92
-7
96
47
-78
73
-40
39
9
-98
-24
2
99
-79
-61
99
-55
-39
80
-5
72
47
83
37
37
19
-82
14
45
89
69
36
-69
15
-68
-46
-13
-8
43
46
-55
69
98
-57
90
-64
92
-66
-53
21
-21
69
-33
-38
6
-97
31
24
17
-24
-38
-65
-89
-56
0
-56
-2
87
-14
-60
-18
31
-92
-21
24
49
-35
15
33
12
-65
-88
-19
-48
-26
37
-45
55
-90
22
-70
-27
8
93
-33
-93
-64
65
45
-28
55
-74
-97
13
6
27
-39
21
93
45
84
78
57
-86
-70
81
51
-65
-15
61
58
16
84
-35
8
-50
-78
-6
65
67
66
19
94
19
-68
-51
97
-57
70
89
38
3
16
-56
17
-4
-76
-33
32
-40
79
-11
76
12
4
-67
63
26
-23
-23
-7
-58
97
-64
12
79
-15
8
72
-96
-54
10
8
62
54
-76
-42
29
-58
90
89
71
-72
14
-18
-18
-3
95
-93
74
-28
-50
-85
-82
-14
-23
47
21
85
-32
-24
-70
28
84
43
-18
58
-100
61
50
40
-1
20
18
-88
53
100
9
47
57
-18
69
-93
-53
87
-57
25
-17
15
-41
52
91
-10
-21
24
83
11
-69
33
-29
82
-28
20
-49
40
-18
-97
39
91
51
-5
-78
-31
-48
-80
-44
-54
-5
-11
61
54
-60
1
94
-30
-76
76
31
-45
8
-98
87
30
-28
-62
-31
55
-59
-93
-5
42
-47
18
-89
5
-12
-83
1
83
6
-39
36
-3
12
30
17
-14
-45
-53
42
64
100
-22
-7
-28
16
63
77
8
20
-29
100
73
39
61
-72
-74
28
29
59
-66
41
-5
-19
-98
75
48
-11
-71
95
81
43
45
-42
-64
67
25
49
43
83
-32
-87
82
92
53
-7
-81
29
-80
-2
-12
-96
89
83
-65
92
7
83
-70
-14
28
-90
-71
-28
-82
-85
-62
43
64
31
25
82
44
-43
73
-54
50
42
76
70
91
-37
75
29
96
-91
