50
26
-47
60
19
65
41
106
38
-75
8
57
91
89
-37
-97
83
108
-57
-3
93
-41
-46
45
-65
109
-59
-22
-30
54
50
-11
49
104
18
38
-73
28
33
-66
53
10
91
-98
68
-57
-14
-91
21
29
6
83
-43
61
17
-7
59
58
71
-2
81
90
-43
100
83
75
27
-21
73
29
14
15
-71
-6
98
-34
-93
-27
-24
108
102
-49
80
28
-99
-13
-90
-71
14
-50
108
65
-70
-46
-77
-18
-2
50
62
-40
-32
45
-55
77
8
-68
-67
15
5
89
12
76
-71
62
-7
11
18
4
40
-79
-77
37
-45
-47
-40
-22
-95
59
-83
-64
-12
66
81
33
-99
58
65
14
-37
39
-8
-56
4
102
106
-33
2
13
-60
-69
-96
-37
-62
39
97
78
-93
102
26
4
7
-96
39
57
-94
41
4
-59
-56
-64
80
-94
-19
54
108
56
-90
-1
39
-50
110
-88
13
-63
51
79
-95
58
70
-100
-48
46
-16
91
-8
71
101
97
-99
-65
-78
81
-59
83
24
-62
109
34
-94
37
-47
-95
49
67
23
69
-96
108
17
75
-23
-62
90
62
-2
-28
22
-11
38
103
104
-71
73
14
-18
67
-79
-20
70
-73
-14
-87
-68
4
-51
-76
-38
-47
-79
-52
-3
-1
-14
-23
30
-46
-82
21
-88
-75
13
-95
-46
55
99
-95
11
-91
-15
-29
-64
71
-16
48
44
33
73
107
-45
-37
-56
53
-69
-100
-1
-70
-46
17
51
-34
42
-47
51
-35
-22
39
-29
89
-83
-75
-51
-47
-34
-98
-30
110
-96
12
106
-40
76
20
-18
-24
20
81
7
74
-13
-53
9
-2
81
29
63
-52
37
3
6
54
29
56
-24
95
-73
46
94
-68
-52
-41
-8
-7
79
74
69
-12
-87
45
31
0
93
9
-33
-68
-73
-81
60
-67
103
-45
87
21
-20
-48
85
88
98
-63
-91
15
-4
81
-23
44
-87
-64
-79
-74
-50
-79
106
12
110
-38
44
-74
61
73
39
53
-2
15
43
-53
-64
17
-76
4
55
-67
-92
20
-17
-14
-46
-4
102
55
102
-59
77
97
54
76
-52
67
-28
-21
110
-20
-79
77
96
65
-87
1
-29
-62
105
-5
51
-17
-95
4
-62
39
100
9
-17
92
50
29
-53
73
75
76
110
16
-56
-22
96
-35
-56
-50
-1
-43
52
-60
75
46
-96
96
-2
-91
-11
36
48
-22
-66
1
39
-46
-81
-44
-4
94
-79
-5
79
-35
-58
65
110
-14
-96
79
44
56
-92
88
72
-8
73
-41
2
-49
96
19
110
-81
-11
-93
-27
89
-37
70
72
64
34
-90
-2
77
75
-2
32
79
46
45
105
-77
23
66
15
65
-6
-14
-14
-21
-25
65
79
64
72
21
42
5
60
84
38
64
94
-74
110
-73
104
31
106
39
-34
-31
62
89
4
-34
-88
99
-78
-2
47
-3
-48
95
30
-6
6
-38
-32
35
15
106
-12
78
-79
-13
105
-86
-92
-31
53
54
39
84
-99
12
20
-87
0
42
12
17
8
-67
1
-73
27
107
69
95
-99
-27
-40
-11
-60
-19
-54
14
76
-46
84
98
-23
92
72
-22
-7
-19
-9
-37
-8
103
80
100
-74
-30
-4
-78
47
-45
-13
48
108
47
-74
18
-3
52
-79
-38
106
105
-50
-28
-45
-89
-81
49
72
11
-99
33
83
-50
22
-22
20
-13
1
36
42
88
-27
40
104
80
-53
-10
21
-32
53
97
43
-28
38
-33
-17
58
-95
24
-42
-14
-54
-70
-95
-63
9
26
24
-21
31
36
36
105
-35
29
74
92
-12
64
29
10
50
41
82
58
109
34
5
-17
-53
-68
70
73
-38
75
-21
-60
70
104
19
-9
109
24
65
43
22
108
24
-100
61
-58
10
81
84
62
28
-49
-15
2
34
-98
34
73
-56
-35
-93
24
6
77
97
-6
37
95
-92
71
27
110
68
-60
110
99
62
90
-62
-96
-90
-65
-45
-5
37
-41
77
-40
-79
-89
25
-72
35
0
-25
101
95
-19
85
-28
-58
1
51
-21
-90
51
47
-59
110
85
-54
-91
-11
81
84
-85
-71
-80
55
-49
-69
-30
59
-65
-61
-77
-75
3
5
110
-56
47
80
96
-5
-41
36
-68
0
-96
-14
-85
-7
76
-34
-34
-40
-5
-14
-95
-85
97
55
75
-79
94
-33
26
-13
72
105
-100
88
74
96
-27
-78
101
85
103
105
-40
-93
-13
5
-27
-77
66
-62
89
-60
33
76
95
-3
-34
-53
-66
93
-97
106
-44
-96
84
-80
100
26
22
91
0
14
-46
-71
22
-89
-96
95
-66
70
2
-88
-21
-75
-43
43
102
104
90
-75
-45
94
-79
11
98
-26
31
-44
100
-57
-64
69
-74
-9
98
48
2
102
-98
-95
-70
84
-3
9
109
55
-59
101
-83
1
-85
-28
-16
16
83
51
90
4
107
-52
-84
13
-94
-58
-27
-26
-40
-56
-35
42
-51
76
15
-85
54
94
-61
-35
84
-44
66
-32
28
19
85
1
39
-67
-26
35
62
-10
17
-63
-99
-41
11
41
3
-54
52
-79
-89
37
-63
-66
20
56
-1
-7
-98
34
-70
30
-58
-16
0
-50
18
74
-45
49
33
72
86
-96
-79
-13
45
104
33
67
-85
-87
-7
32
-53
-98
-23
-84
75
59
50
105
59
-38
-21
-52
12
-34
-88
67
-96
45
109
90
-82
-1
46
64
-8
-32
100
87
61
-18
88
109
-16
35
-6
28
-17
-67
22
-69
75
101
-20
57
-44
72
13
40
86
91
20
105
-21
35
-73
-59
-27
-84
-3
-77
78
-25
1
31
110
95
-52
-18
-2
70
94
-38
-70
43
-92
66
4
102
-4
-21
-49
-15
53
31
-91
80
-59
62
-35
38
86
-68
-98
56
63
-19
41
-20
-67
8
-60
-84
70
50
59
-52
5
32
19
-30
-20
70
-76
-77
70
14
-28
-100
-35
-93
-92
-60
-61
-10
97
-28
72
107
52
105
4
-39
-10
43
-100
-62
-40
86
-61
79
25
19
-92
50
-89
78
-47
-16
-52
98
71
-44
-72
110
46
-6
51
87
70
73
81
-37
3
-40
-25
4
78
36
59
-14
84
53
106
92
-8
-94
-71
-86
70
57
-98
30
-18
10
110
-3
-27
-81
-26
-68
-39
24
-5
65
85
-61
38
-79
75
-14
8
-82
-72
83
-21
101
-42
8
-16
-2
-46
66
-3
-95
45
76
3
-93
96
77
-61
-54
-10
-97
-100
44
-57
38
-65
-13
-7
-88
5
102
95
85
-39
-58
62
45
-91
-14
81
7
-9
15
-28
94
23
37
-71
-69
-47
100
-65
33
-98
58
41
-63
-66
3
-51
40
-6
13
94
-76
-75
45
-61
-66
-80
-91
-90
92
24
-17
75
16
-11
-26
48
42
-37
83
45
-35
30
-25
83
-67
78
1
73
42
-96
-75
66
9
-60
105
-88
-40
-97
-77
-59
108
86
-14
13
-36
-71
30
-24
-8
2
-90
-74
1
-15
-22
35
32
80
77
-37
-47
-28
-1
-69
12
-7
-57
72
77
-34
-17
-57
-59
-62
56
6
-33
-24
-49
-72
-53
-39
34
-82
-85
-18
53
-84
31
99
-20
84
-40
79
-16
72
41
27
-97
7
94
66
50
-76
-27
76
110
-91
21
30
-63
-63
91
-60
-45
-25
22
-23
-8
-58
-34
-59
-5
106
-11
79
68
-81
-4
-60
107
59
106
46
-48
-32
91
32
-23
1
-49
94
39
12
3
-37
-44
-5
41
48
37
-24
-42
2
-29
47
50
8
67
15
48
63
-37
-88
78
96
60
59
17
-74
29
-63
-11
37
49
93
101
106
57
-100
-88
-17
56
-29
-46
-84
-93
105
105
-57
89
42
-25
-58
-76
-57
7
84
-29
-87
-20
100
-50
69
107
-31
-80
-34
-36
77
-34
56
30
-89
-84
-47
7
4
27
1
47
6
13
-8
-83
-94
35
24
90
106
-94
-41
-36
36
-2
-40
105
98
26
38
-66
-39
-16
-67
52
0
-14
29
-27
-17
-81
-90
-42
-99
82
-25
-93
6
-32
-33
81
54
26
-66
-21
-7
75
54
61
70
-19
95
1
65
-3
-58
35
-48
71
108
35
-40
-13
93
41
-42
37
49
64
-26
-95
-97
-3
-100
18
77
74
-18
20
24
21
-30
88
-89
-75
-26
34
60
26
-6
57
31
-77
14
93
65
72
100
83
106
-37
-43
109
61
37
16
107
0
-33
96
-7
89
-45
50
-31
60
-87
103
9
-91
67
36
-91
90
19
102
-87
-20
91
96
-25
24
22
54
54
-51
-41
-81
-82
107
-96
12
-46
39
-49
23
-11
45
96
-33
-77
-79
-28
-68
-20
91
3
-6
-39
64
59
-95
-23
-29
59
0
20
-12
19
38
64
23
19
-93
-49
-60
110
40
-46
95
-23
-23
-15
49
89
66
30
-19
-51
91
14
108
-35
91
48
-6
60
-43
-49
-32
-35
-96
-40
-47
-9
12
-7
-10
21
47
55
98
-7
-71
37
-29
95
36
-78
13
96
36
91
-50
97
28
-87
46
-45
-36
-16
20
48
44
-58
-72
25
36
99
-64
52
-88
3
15
21
9
-45
6
-66
-23
-12
-1
-17
-32
50
49
97
63
64
-59
-3
17
-70
-66
-49
-28
-37
76
-23
31
-19
-1
43
-46
-97
-47
-68
-42
-72
47
-95
17
-65
68
-46
-46
86
20
-93
39
61
4
26
-40
38
77
-98
-30
-89
59
101
73
27
-98
-84
30
-44
-52
-42
-16
-36
-37
-30
0
0
25
54
-25
-66
-70
-17
-35
-97
109
105
42
-56
-24
-19
-44
-75
52
-82
-79
54
14
52
110
-69
110
64
-4
42
3
-35
11
-3
-92
86
-99
19
38
46
22
37
40
33
-50
-14
-96
6
91
-75
104
-99
79
7
53
-52
39
-79
-19
-76
-68
84
69
43
-29
77
98
-28
65
106
-13
-23
-99
-84
110
-49
2
-17
58
-18
8
-80
64
57
28
86
105
36
108
-25
60
9
28
98
22
99
-67
89
40
99
84
-4
-35
85
13
44
-74
-16
-3
-47
-64
-26
-27
100
0
-30
75
-6
106
-59
-62
-76
-80
67
-89
42
-76
-55
100
-66
-67
74
30
78
-83
12
91
-57
-34
-23
76
2
-79
-61
71
21
9
-96
-15
5
-54
23
29
46
59
-90
57
84
-45
46
-13
-12
9
-14
35
27
99
15
-61
-46
-38
-95
-75
-17
24
96
-27
-78
100
58
107
15
-29
106
30
-1
-95
-24
52
-40
-88
-72
-83
101
15
52
17
83
36
-74
-74
98
-69
-49
50
55
16
-87
-54
85
-60
23
70
91
98
-11
-20
103
66
-79
32
-53
-50
-82
-63
-66
-61
55
-94
-56
-50
-68
-68
-19
63
-49
5
-32
44
-80
22
85
43
-19
65
110
-60
-66
-29
106
-44
103
-58
86
-10
59
-91
109
3
-5
-57
-78
107
55
3
59
106
-23
-4
-91
-2
-93
94
10
69
48
10
109
83
81
-27
8
-57
95
63
-98
43
-59
-99
16
36
-56
38
32
-32
11
60
43
88
-55
52
55
32
35
-45
70
53
65
68
105
-96
10
2
-53
-6
-46
-50
7
-5
31
-88
0
-56
-81
-79
12
30
81
-56
88
-5
-34
32
-84
101
87
87
-88
-90
-87
-94
-85
104
8
42
67
-69
92
-37
106
12
55
-5
-75
-56
96
37
-57
66
-49
-80
30
17
53
47
87
109
103
100
-91
-15
-25
4
58
84
-65
15
-16
-3
-53
60
-22
103
24
4
16
10
10
59
45
61
80
-35
47
102
-19
104
100
53
-38
109
7
37
82
-45
90
-93
70
44
4
-94
-7
82
-22
-94
55
94
96
-45
43
-100
-15
92
-35
-78
83
-85
-5
72
-63
57
-60
44
63
-89
-32
43
-2
7
56
-29
94
-62
23
-39
24
-33
25
90
22
37
90
-23
98
24
79
70
39
-37
-100
-55
-11
-60
-42
-59
32
27
-47
-1
-77
109
71
-94
16
-17
48
10
-81
-38
-11
-89
-32
-32
-12
-45
92
-44
-6
100
99
-6
14
-23
-96
72
98
-95
-12
21
4
12
99
-36
98
5
-84
35
-16
16
-34
73
27
-97
10
-96
-42
71
40
-79
60
28
16
43
-26
100
4
-39
105
93
-49
-2
74
-60
-68
61
-86
28
66
-2
-67
-79
-40
60
-75
70
-67
63
30
-58
85
59
70
70
71
13
59
-36
75
53
26
-5
20
69
35
52
20
-82
50
55
16
83
76
-55
-98
-30
-16
15
3
-17
58
57
11
97
16
-29
0
44
-95
44
-14
31
-72
-25
-10
-67
-3
-21
-49
-64
-77
-63
-12
-32
62
70
-92
16
-25
11
99
2
37
80
-12
-58
20
-43
-45
25
101
-90
26
-81
-15
-95
32
82
64
-48
-13
87
-11
-55
24
21
-96
32
-74
59
12
-6
-50
-62
43
-92
60
-47
-35
-96
78
-44
-86
73
55
0
78
-24
51
31
28
-72
87
-13
53
81
108
57
2
3
6
-16
97
-75
22
30
-67
52
-48
-1
56
-1
55
71
-38
79
40
-71
-56
60
-70
-59
-43
-14
108
110
-44
105
57
-72
77
32
92
-67
57
83
-68
91
24
-16
-21
-30
83
3
10
-66
-29
19
44
95
-32
-57
-75
26
109
-77
105
35
-3
51
63
44
-28
-87
77
-1
96
109
-21
10
-18
-73
-51
34
30
-72
69
-30
47
82
-46
-16
-86
59
-21
-8
82
-26
-84
49
-6
-52
-18
-64
-39
-52
35
-53
26
-17
-74
108
10
55
-100
9
83
-62
79
99
-91
2
52
3
-50
-79
96
2
75
-99
-60
-42
-50
102
-6
91
19
-2
7
-66
81
33
11
60
-23
11
-42
29
50
6
97
-72
108
39
32
-52
60
97
-81
104
-33
39
-49
97
30
-85
78
-62
13
-26
52
64
-23
32
13
-77
-68
72
53
-49
-33
39
-20
45
47
-19
93
76
-33
-19
69
34
-91
-90
21
39
5
68
-54
-93
-69
-33
71
88
99
54
-99
-80
15
-77
52
-49
-69
-79
96
79
82
-53
44
-62
28
3
-59
37
13
-69
45
-13
99
91
-6
0
-53
35
-23
15
-22
58
36
-38
81
57
13
-98
-53
79
81
-82
-5
14
36
-87
-14
77
-81
-32
109
65
55
-34
-86
19
66
42
-57
13
-54
101
-40
-49
-48
-69
108
-66
13
24
-18
-17
42
78
-34
-33
-40
-78
-66
59
-10
12
13
15
78
108
-77
-97
-92
-34
96
-46
-44
-55
6
88
56
83
-9
-42
-3
74
-90
8
-90
57
76
-30
79
-21
-82
38
-40
-99
-58
7
-22
-35
10
-14
-100
-5
40
36
-90
15
13
66
68
-26
-6
34
-63
4
-69
27
30
-24
-34
78
55
64
6
-16
65
-83
92
12
-17
71
98
-17
36
108
-11
46
92
-29
81
-82
45
-36
52
-49
-62
-47
78
68
29
-67
36
54
98
11
-73
-79
28
-12
-97
-20
-51
-30
-67
85
47
22
100
29
93
70
-84
28
4
-62
79
42
-9
-84
79
-11
29
4
12
96
-16
-91
-13
-98
-3
-10
-18
-85
60
15
100
77
6
-42
-5
-11
-82
91
-94
22
-82
-46
33
89
50
1
-32
49
-25
80
34
59
-42
-90
-70
56
80
13
71
110
-3
-70
76
104
-12
40
62
86
20
-63
77
-92
71
79
97
11
-30
34
-51
45
84
-48
-7
-69
-37
24
87
12
6
-83
11
-28
-53
56
45
-96
-15
-4
-40
-25
33
6
-17
-6
-25
49
-26
45
-27
23
59
-54
75
21
-23
7
14
34
-11
-11
51
100
62
-33
-85
76
51
80
-38
-20
-56
-36
87
107
-73
31
46
1
45
-92
-7
-7
34
38
-97
-20
14
98
-97
103
-24
54
-38
-73
-10
-23
-27
-69
-54
35
11
71
-32
67
67
-4
-13
82
-34
-79
90
60
94
93
-13
-33
-37
-30
-46
-34
-37
30
-10
105
-73
80
-29
0
-20
97
4
-39
57
72
-3
94
-43
-46
65
104
-25
-86
53
39
107
9
106
39
79
-51
106
11
79
65
5
106
-97
-55
75
-16
12
-32
-86
-42
-70
11
21
67
65
-24
60
10
-10
82
-62
66
-20
13
-5
29
62
70
-71
110
104
-96
-25
107
29
-61
60
-70
8
74
69
-93
55
-21
74
89
-76
104
-12
94
75
106
50
-55
88
14
-57
39
53
52
-92
46
56
-17
-89
55
22
72
85
-1
-96
43
6
59
-88
50
38
-64
43
-5
-80
7
71
-61
-79
48
-78
-36
57
75
-14
65
90
-69
17
101
-45
-72
62
-70
108
-64
73
3
95
-46
-58
102
71
85
67
-40
62
107
79
-48
-87
101
17
70
-66
-28
104
-87
83
10
-17
-72
-92
15
-42
-95
51
0
88
35
55
0
107
95
54
-68
24
5
-72
-8
58
21
-18
44
-19
16
-95
54
109
88
34
-19
-15
-89
96
43
-4
-95
-67
-27
-90
-43
73
-94
21
17
-62
-66
-9
46
26
18
-44
-23
31
-94
-38
-95
-70
40
-37
64
-90
48
-56
-24
-19
40
61
94
-18
71
20
-55
77
-70
-69
-16
44
102
-1
39
10
-75
-95
10
-69
-33
16
41
107
79
74
-14
16
-93
-69
-34
47
93
-51
-81
53
-62
44
100
48
-56
53
-19
15
-58
-91
-86
-33
-86
25
78
61
-70
9
-74
-22
52
93
94
60
-7
-50
76
-25
79
-36
-2
-93
-23
-13
55
21
9
6
-74
51
15
20
-13
110
14
-45
-71
-87
-67
-44
-9
-46
18
55
-97
-100
-26
-51
-24
-58
13
-57
29
91
110
54
81
8
-51
-24
-51
-67
-34
-95
12
-51
40
42
-37
-58
-33
-77
-3
-46
78
0
-46
-59
-82
110
64
32
-58
62
92
21
5
-69
-81
-77
88
48
-43
23
53
-62
72
-17
-51
4
105
96
28
-9
-61
75
-39
-6
-14
-21
73
19
-20
-15
-30
41
106
76
-58
-86
99
-81
-69
25
-89
-46
-67
83
37
-18
-23
-100
48
-26
-8
87
18
53
50
-27
1
13
92
82
98
-48
12
93
-3
54
-23
65
-58
8
60
-47
62
93
6
68
44
-48
-62
-19
106
30
-42
13
52
-23
-44
-58
90
-63
-87
-54
69
106
9
-45
-82
86
-10
41
63
-61
-37
95
1
69
-79
14
-10
-41
96
-15
-42
23
-32
110
100
24
-58
-51
61
35
-5
100
110
-27
24
-82
-52
-97
-72
-19
22
-9
45
-88
-50
66
107
40
-5
92
-5
53
84
63
53
-58
-24
-36
-9
6
99
-44
75
99
29
-11
-14
-53
72
14
108
-16
-26
42
76
104
77
72
-97
-39
-78
-2
-16
106
-50
6
-62
106
70
109
81
-73
-46
46
-5
-47
-76
81
0
96
64
-3
49
-72
8
15
1
-26
56
4
-95
79
102
-11
74
21
-36
-19
96
3
-20
67
30
34
2
-85
87
106
-35
56
-40
-1
-58
110
107
50
94
-3
-6
39
102
-1
87
-38
-43
51
-47
101
1
-62
-7
81
105
-88
5
76
7
61
-60
73
7
1
41
-82
80
37
-62
63
-77
32
71
-6
0
48
57
-74
68
110
-84
-42
17
9
9
92
101
-97
57
-2
-67
98
40
-91
68
-30
8
37
107
46
69
-1
47
29
-37
16
46
-91
42
83
-12
-73
11
-26
36
-91
-45
106
-8
-18
-7
105
49
2
-96
6
72
12
12
-63
27
-30
-94
43
-32
-31
-52
-16
58
-41
36
15
-14
-64
89
-9
25
-66
-14
-94
96
-51
-19
34
51
-15
9
93
-34
-90
-81
93
60
5
105
-83
74
-58
81
21
81
7
-75
36
43
-16
-4
38
98
82
44
83
0
-86
6
-59
79
-16
3
-66
-6
22
-4
-57
-83
70
40
-40
-19
11
82
-49
-13
-24
-44
-81
60
52
57
-84
104
71
99
-7
-46
74
-97
3
-53
6
-94
-90
-2
83
-47
95
42
-37
-56
-87
-57
-5
44
30
72
101
-82
101
42
-55
-13
35
-15
-25
-82
39
19
1
11
66
108
18
77
-5
-10
-1
-21
-79
62
103
14
-26
-12
-52
104
29
-62
-88
99
80
37
-25
85
-89
51
-28
50
-41
73
31
-6
70
-62
40
34
28
-71
-18
-82
-40
-25
-98
35
-68
-50
28
61
-12
-91
49
37
46
-86
11
57
-66
83
77
73
-85
-3
-44
-46
-96
-34
-42
-99
-5
40
-1
-76
-16
1
59
16
51
57
-34
8
-65
-15
-65
82
-1
-85
108
-98
-32
-57
75
-17
-91
0
37
-87
66
95
-86
-50
105
14
55
58
-96
3
-36
-75
29
110
33
65
-16
-63
-95
-48
33
-98
-46
101
-54
-82
53
35
19
59
49
54
-87
-68
105
-13
-85
49
-66
0
21
-2
25
-60
78
27
105
-49
65
-21
84
67
-19
-73
-74
107
-54
79
32
-66
107
50
88
-91
82
-49
76
98
-31
-100
67
-40
78
-19
0
45
-23
74
-34
11
-58
-61
-33
103
46
-7
100
-39
41
101
-5
38
40
53
-84
91
-27
93
-53
43
-38
-97
103
-71
64
72
-56
-69
-96
90
-89
26
-82
-21
18
-67
-59
87
-5
83
77
90
90
86
-99
-25
67
-25
37
-17
-13
99
-13
59
-2
20
100
-89
-80
104
101
-68
99
-12
11
6
21
-79
63
-95
-27
29
-35
32
85
46
108
-90
-90
-97
-7
77
-28
-51
105
-61
70
94
-50
90
-44
-60
-89
-56
108
102
-80
18
-7
83
24
66
81
-42
-12
55
104
65
-66
-16
-63
28
30
9
77
25
48
36
88
98
96
14
7
107
-73
4
-32
-53
-8
61
-1
-95
96
-30
43
-27
-6
36
7
29
-11
45
26
-91
23
-8
-97
-39
-2
91
28
-17
-6
-75
-21
102
109
-84
-62
-10
77
-93
75
63
57
7
5
20
13
-18
-62
102
-84
64
-20
-92
26
-17
-31
-87
-36
-33
-4
-73
72
-56
-82
70
-39
37
30
7
-87
-6
-41
70
-29
-66
-21
-47
16
98
-56
-99
-80
25
-11
46
-23
59
59
-90
-5
24
-62
-44
69
36
-5
-81
42
-86
106
-76
89
-45
94
-51
69
43
82
54
30
-85
-76
50
-91
13
66
-13
41
94
77
-75
8
-96
-19
-34
-90
77
65
-79
-40
60
-54
-62
-16
9
67
22
-59
38
-35
-60
-77
69
91
12
-28
-85
-32
-98
109
-65
-72
6
19
89
-59
109
-76
-25
-80
-15
5
46
103
-42
-56
-71
81
66
67
15
106
-41
-26
-45
72
46
-30
9
-83
-31
44
-55
-56
-47
4
66
-49
28
-70
51
-18
-96
-14
-25
-37
-100
4
-67
66
40
48
-70
100
-9
-14
-70
-74
56
39
24
-6
-27
69
-92
106
42
74
26
-40
-27
-33
42
-22
-78
-14
41
2
90
-57
-43
100
-40
-12
89
52
-57
-12
-53
99
-84
71
63
69
110
71
-67
41
-97
60
-30
56
-4
-18
3
18
68
-67
-10
-83
56
47
-94
-94
4
95
58
47
52
105
-95
68
-65
-63
107
-66
-23
-71
75
-20
89
-65
5
-26
17
109
-38
54
11
52
71
-43
68
77
43
42
-70
-10
58
82
64
-68
-91
99
-31
-95
2
46
-66
-33
-5
-7
82
101
-64
68
-32
78
91
79
99
52
-75
-74
98
68
68
-82
27
95
-31
61
-83
-22
-82
66
63
21
82
-33
-43
46
60
8
36
96
-35
-27
-67
-55
-58
-79
-34
47
-53
-46
85
-16
52
81
-31
-10
31
66
-62
-81
101
101
40
72
-43
-34
88
-14
74
13
52
8
-44
85
-78
-2
106
-11
-66
23
-88
-12
107
-67
-41
45
23
-41
80
61
-22
71
52
-13
-99
-22
53
89
65
96
72
6
-7
-83
60
96
95
55
54
-2
-33
66
87
44
-32
15
-22
91
74
-52
42
-58
-12
63
109
-11
-70
52
48
-36
-94
9
-61
0
106
99
65
90
-87
8
57
-20
43
33
-87
-100
-63
72
91
-19
-91
102
103
-3
54
101
-45
85
-89
-28
18
-82
81
58
98
-55
46
52
4
59
-51
-49
9
-39
-47
102
-39
71
-68
-59
-59
-59
-67
-67
-93
-44
-77
43
10
15
-96
-82
33
-45
76
20
80
91
-39
-26
-91
90
105
98
-60
27
-42
1
67
-9
-89
108
-99
24
10
-11
-50
-97
-79
60
18
5
78
20
-71
-88
-71
110
-27
70
53
62
-82
-84
49
-42
43
107
-72
0
67
19
77
69
13
57
-53
63
60
48
12
47
-58
60
-44
52
-59
65
51
14
24
-7
45
42
9
-17
-31
21
60
77
-90
16
65
-43
-26
-33
-97
101
-1
-68
38
-19
79
-50
-70
4
102
51
-42
-89
35
-49
84
-31
-38
-18
53
31
-28
82
77
63
-13
31
-91
-69
99
-88
-79
-13
24
-71
68
72
-21
-33
-35
50
-12
103
-70
-88
-57
-97
61
5
-15
83
5
-74
54
-29
89
11
102
98
42
90
-21
63
47
103
-39
84
64
40
21
-2
59
109
-10
89
-10
33
92
20
7
46
-7
-99
73
-64
-28
51
-84
-36
-92
58
23
-13
91
39
60
-59
13
13
-49
3
-99
-21
81
71
-42
40
-6
19
-51
-30
35
42
-28
-3
-52
-87
17
-36
57
105
-8
-30
-18
-28
-22
11
13
-40
-7
-67
63
74
13
33
35
71
-38
-2
59
12
68
-17
23
-71
-51
71
-57
-64
5
-31
-70
97
-92
92
-42
-13
-8
-60
47
-45
-26
0
-82
87
2
53
-84
-66
-60
75
-85
109
28
38
7
77
79
-81
-18
53
-11
93
39
-3
74
-34
84
36
86
101
91
-51
70
109
5
41
52
21
75
-39
66
90
-41
-17
98
-64
29
-65
-45
-19
88
44
-37
96
11
-74
-49
64
-69
-74
54
-89
56
13
-10
-50
-56
11
-59
-12
72
-24
48
1
59
-96
-94
57
-61
-39
-73
-84
-25
70
-99
86
-34
32
-92
-3
-73
63
89
83
45
-32
3
-42
-52
44
-84
-11
-91
64
-41
-63
68
-35
-37
107
107
71
-8
-29
30
73
26
96
74
34
63
101
66
41
-57
81
-22
46
8
26
59
24
-16
-63
57
44
54
14
-22
-94
90
-26
-54
51
-86
-54
93
40
-69
56
44
-37
-84
79
104
-41
49
-29
105
-53
-34
-78
-60
-80
39
98
64
-18
81
-69
68
-70
86
-96
81
100
-50
64
30
61
89
43
-86
105
11
-13
-47
30
-72
27
-54
74
-82
-14
94
57
53
-84
-72
24
28
97
54
3
-30
24
-8
100
57
-9
50
36
3
-67
110
-16
101
-47
-97
-82
-51
-51
-39
-32
-96
-55
-86
58
41
-57
-29
-42
9
-6
-70
79
-13
103
68
-66
63
87
-61
-44
-10
-62
40
-20
71
43
78
-90
-39
8
-22
-35
-78
72
-88
64
-16
63
-89
93
26
-58
-70
-97
-66
98
17
97
-56
-75
22
-97
43
-49
63
4
-37
110
94
24
7
41
-41
30
2
51
-17
87
84
74
-62
-1
-95
-31
2
19
36
-12
86
-51
13
-3
-48
-54
-82
-96
-81
61
-97
-98
-25
91
-88
-97
10
14
54
93
70
27
56
-22
-4
-69
47
-33
-81
52
56
-26
102
38
-59
23
84
-41
28
-28
-91
-100
-26
64
91
66
67
-10
-30
91
52
9
87
78
87
-28
-22
103
40
-3
45
65
72
-95
-8
-98
28
46
41
25
-93
-81
26
62
84
86
17
-91
46
87
-31
-13
66
-54
34
42
98
-99
-96
27
79
49
61
-91
54
-57
-89
51
89
-79
-34
96
-60
92
47
-7
-64
-46
3
82
10
72
39
-35
-13
-38
-23
-25
44
61
-29
12
-1
-78
21
22
-35
-99
-38
-57
2
108
8
42
-42
-55
-75
-5
79
108
-34
-22
-62
-26
-87
26
37
70
101
50
20
-39
-49
-12
63
-59
-21
-83
-58
-90
40
44
-92
-62
55
-34
63
-51
61
31
-54
-3
-22
65
71
71
-20
77
30
50
16
19
-20
-64
-24
-67
-23
55
30
99
66
-40
-99
74
-2
57
9
30
-25
40
-50
22
-74
28
56
-34
-11
5
-67
-12
-56
-82
-23
104
-45
53
6
32
-2
-74
21
33
-14
102
76
-47
48
54
83
-87
-17
2
-96
9
-1
60
76
-43
34
-22
46
78
-4
-8
-60
-80
-66
47
53
-99
-58
43
-97
108
34
79
-50
52
23
2
-66
106
-27
18
85
72
47
-81
-81
-30
77
-66
17
42
26
57
63
-71
73
85
-69
-96
17
14
-99
20
-17
31
41
-25
2
-56
50
75
62
104
-94
78
-88
5
-63
89
-92
-77
21
34
-50
53
-68
-88
27
43
-3
-67
-53
-2
-78
30
-1
-67
-26
-30
-23
-87
15
9
-13
21
-24
-1
-5
94
58
3
-94
48
-74
-44
-10
38
49
-94
-29
-65
19
18
-98
-90
17
81
-57
91
-59
21
-27
56
-81
60
46
75
29
-70
58
-24
33
-66
-7
-72
-10
83
66
8
-42
-74
-88
-54
44
-85
-44
-50
-35
0
10
6
-10
-47
31
89
-98
46
53
31
-55
1
-24
78
35
69
-25
-6
-90
-69
103
-32
37
-16
14
51
-1
71
101
-66
40
81
-91
-1
-77
-90
-23
-75
56
-81
-74
102
100
82
-62
104
41
14
-12
51
45
60
-11
51
-67
103
-9
-98
-68
-18
-64
-59
32
25
40
55
35
-94
-51
-19
6
55
52
-5
27
90
-11
37
-7
-54
57
7
-25
-65
-52
88
8
39
90
-91
-10
-5
31
-89
-90
-40
-65
45
47
65
-5
22
9
-64
-94
5
-84
75
-69
89
-10
-42
-14
-66
73
34
-88
50
-38
-29
60
-78
-64
60
-67
-54
-91
49
-40
-75
3
-75
47
-99
41
-77
7
-74
-33
-93
-95
58
45
-9
92
8
-6
-27
-53
-75
45
-24
-53
81
-75
61
-4
15
-1
-75
-91
102
30
57
-28
-39
80
-52
-13
-64
36
-8
-37
-30
-48
25
-53
46
98
75
-59
32
-60
68
82
46
18
-33
30
-14
73
39
-23
-8
65
-81
53
34
-33
-70
-60
-28
22
3
43
-56
-3
90
-41
-15
54
0
-94
-36
-42
89
-21
-55
25
-22
32
-13
-14
-22
80
-59
-3
22
-56
-66
52
64
6
44
37
18
-43
-77
78
16
8
101
-94
95
34
44
73
-98
89
67
60
90
-56
-64
-42
-87
-23
-76
-96
101
38
-74
55
-66
-61
-19
-79
-4
4
99
-99
-18
90
-13
-34
13
0
8
96
59
-36
45
38
8
-50
96
101
107
-10
-25
98
-83
1
-89
31
40
-8
53
5
-35
-90
86
47
-31
-37
-18
83
-68
90
-63
91
-56
-49
19
-79
2
84
-8
-2
-37
67
65
61
37
76
-19
-34
37
-77
-60
-28
-66
-85
-92
3
58
71
55
91
50
-39
71
-37
13
59
65
-16
33
-54
-49
-35
-18
-94
-85
-92
-49
-3
54
89
100
94
-50
-77
109
38
107
-74
78
-80
-94
18
-18
77
-50
-36
106
-16
-83
28
110
48
93
-19
-77
109
69
-25
75
12
33
64
75
-48
88
-57
-41
-47
-31
-73
53
-25
-86
-76
21
-36
68
16
49
-46
13
-83
103
-4
-1
-85
74
-43
-10
38
-61
-8
-9
-97
44
48
26
104
101
95
-80
-87
39
-66
-63
30
78
-25
15
96
29
-82
-97
21
14
2
37
57
-72
-4
-16
47
89
-56
-80
22
93
46
95
-48
-100
-96
-35
39
-62
83
-42
-14
-53
74
-29
-55
-39
-26
-64
-56
-55
-58
101
-26
-93
54
-10
96
98
10
88
80
26
72
2
26
-54
67
34
64
-92
-38
-61
35
5
11
81
66
-46
-14
110
0
28
-31
-57
35
-88
33
101
110
13
-53
-51
-72
-12
51
-77
34
87
57
68
96
-92
107
20
93
87
70
48
-69
-55
-84
31
-58
-15
74
78
77
76
-63
77
-22
-16
-5
6
72
15
29
76
71
56
33
56
-67
109
46
-84
-45
85
-67
66
-80
-50
66
42
-96
109
89
82
74
-85
48
-58
79
12
-83
-90
-84
47
-45
87
72
-43
-98
105
-45
-83
-90
90
102
-56
45
-9
-6
0
-77
78
-2
-99
49
-38
-3
66
84
-35
-33
101
55
63
-94
110
40
78
-44
-89
73
92
-72
83
71
-81
-4
86
91
-41
-25
-97
-73
-57
-16
76
85
81
32
-73
16
-32
-83
-40
-79
-76
-40
-70
-29
16
-59
-67
-3
49
-14
38
-63
82
13
-83
-69
-43
-80
38
80
85
3
54
55
4
-50
-40
73
-32
101
-37
72
-50
-7
-68
-65
-97
-34
33
52
-79
40
89
103
-58
107
3
79
-4
-70
49
50
-97
72
-5
7
-88
-76
49
60
-6
-99
21
44
74
-78
80
77
-12
82
18
9
11
77
82
-78
-58
-26
101
38
85
39
-22
88
81
-58
64
93
46
3
42
-70
84
32
-57
48
54
-8
14
12
-37
2
-10
-57
-32
-39
-35
10
-95
36
17
90
44
-36
-64
14
6
100
76
22
72
87
-79
46
8
44
-17
-48
-74
97
-67
-11
-12
23
-98
56
85
47
35
-41
-28
-58
18
-14
6
54
-31
-18
43
-65
-27
85
-9
-6
20
100
-73
103
21
-47
-42
54
-88
-84
46
-6
-59
20
-70
77
-52
83
-92
66
38
94
9
107
-35
22
11
38
-4
103
1
-15
92
29
-23
82
-49
-96
105
43
-80
40
6
-38
30
37
8
78
89
96
34
16
79
12
12
-66
3
-87
-59
-32
-15
43
53
-34
41
-1
17
-39
4
11
105
104
20
80
35
-61
86
-68
-13
64
-83
-10
49
-34
102
31
0
-5
-87
-90
-68
-2
53
86
-67
-17
-26
50
45
78
30
-92
-59
19
88
76
59
-67
109
15
97
-5
105
-95
-70
-35
36
110
-71
49
-90
-38
-64
63
-63
49
16
91
-12
-50
59
-13
38
100
106
95
-66
-77
-83
12
38
-16
-23
-99
-11
7
47
-6
7
76
-68
17
7
48
49
44
-14
-46
25
-57
84
53
110
11
-89
105
76
-55
-2
93
58
5
46
4
7
-76
-100
-57
98
7
-12
-81
-7
96
-64
-68
109
102
-14
23
14
-40
45
13
-60
-75
88
-15
-29
-25
48
-2
80
-17
102
56
88
102
-32
75
79
-74
-36
-39
-89
80
73
-91
72
-51
-98
55
89
-84
-42
-2
-58
-65
84
93
90
101
-20
-72
53
51
85
30
-89
22
75
-41
48
-72
21
-72
-23
63
18
18
-99
100
-37
-41
-95
21
-73
-53
-75
-20
9
-16
-30
89
12
-88
109
66
-88
-10
-22
87
49
-5
-16
39
24
61
-8
-69
-31
73
-80
32
-78
5
22
-51
-78
-84
109
31
0
-32
90
-19
60
88
-63
72
-33
95
48
-14
-21
1
-86
103
-48
86
3
101
49
103
102
-60
-2
93
69
20
109
67
-60
78
-76
-81
-52
84
-23
-15
-85
-87
-31
63
-1
-82
-46
94
-10
86
69
94
-55
7
-45
-64
47
53
-82
5
42
-4
41
-48
43
65
-29
91
-92
-83
46
-77
-69
-16
-45
30
2
89
93
93
-67
52
-55
-22
28
0
94
-35
23
-19
-61
-46
-54
81
6
89
-96
-53
70
-8
-36
85
95
75
-42
-60
75
61
-2
57
-88
32
-2
-43
-21
-84
-74
43
61
49
-87
-31
-27
40
19
-52
18
104
75
57
-15
-71
31
50
-27
90
90
-63
-91
57
-36
-79
58
-69
58
7
-53
84
-61
-23
23
32
-84
-35
-39
35
13
80
28
-22
26
-17
87
27
-78
-51
6
-19
67
15
-73
-80
-95
-45
31
63
62
-52
36
101
25
28
22
41
93
84
46
76
-78
43
-57
-83
-85
-1
44
-63
-83
-61
18
84
-77
-85
-27
8
-30
-26
-40
-79
22
-34
-9
-64
-37
-98
-53
26
-45
-38
-9
57
105
-97
75
-90
2
8
27
19
-83
15
73
20
30
15
-82
-31
89
58
70
0
-7
-50
-94
57
32
33
-28
88
95
63
34
89
66
-2
-32
37
-24
96
-55
73
80
-13
-18
79
103
80
-63
-50
28
-24
51
-90
26
-74
-64
-53
59
8
-76
-88
40
-72
101
-5
106
39
1
-29
104
47
13
73
3
96
41
75
65
-53
-85
62
23
-65
-58
-62
-39
-22
-15
-11
-44
90
1
96
-13
71
61
-18
-1
-49
-77
-8
-33
36
34
71
101
-36
35
-75
11
-81
87
-77
-46
-2
41
15
-54
-4
104
2
55
74
-13
-69
35
17
93
-77
69
-15
96
-75
-89
19
-35
-19
-47
-30
6
64
-11
63
-43
44
30
-33
28
76
63
102
-33
87
65
-76
-93
69
-90
101
-38
79
-25
-53
-26
66
-65
-92
-63
-12
-22
-88
22
-63
75
79
81
-5
15
78
40
48
-62
-23
24
-27
1
32
-69
11
102
-7
60
46
-91
3
82
-55
11
-12
33
-41
0
-56
-4
45
-8
46
9
108
93
-62
45
-79
15
38
-6
-15
-41
105
-34
30
68
-85
-34
77
98
-63
-89
-2
25
-86
57
-6
-42
22
-72
-80
-43
-94
-3
-60
-55
11
41
-71
-62
-76
15
78
-2
-50
-3
-45
45
-68
2
32
49
13
-81
43
107
-54
-73
35
-63
35
55
-5
42
21
-96
-44
-79
45
-15
39
-62
-31
6
36
19
-27
-39
-47
5
63
85
-56
45
-26
87
42
100
-17
-34
-74
-92
-10
21
-81
-100
25
-25
1
-41
60
-71
77
-81
-95
3
38
-22
-67
92
83
96
66
-4
30
9
-27
-39
-2
-75
107
25
-67
-14
-65
-48
-14
-70
27
87
69
57
-14
36
76
-9
8
83
69
41
64
41
106
100
7
25
-2
80
-44
-34
-26
-48
91
8
-92
-5
-71
74
25
-74
51
64
83
6
-11
-83
97
-34
100
55
107
-77
65
102
-88
-39
96
90
10
21
-55
-46
74
5
62
-49
101
-40
-86
15
66
-66
48
38
40
-74
-76
26
72
-86
50
68
-63
85
-72
29
15
-86
88
-5
35
3
49
78
108
80
-2
98
-71
13
83
96
47
20
103
57
-84
-83
52
88
11
-8
-85
-83
46
-57
46
-50
37
23
45
42
-85
63
89
-87
32
-23
-20
-69
-41
-48
-4
106
-58
-12
-79
-42
85
74
15
65
35
30
82
-30
-57
17
20
80
10
35
91
105
67
70
-13
-11
16
68
100
75
-11
-15
-61
31
-58
-39
89
-3
-76
-6
-49
59
-7
-77
-2
36
40
-13
6
19
-9
66
14
-52
25
101
-94
-70
-73
106
-26
17
-20
14
-63
102
75
-4
-12
-32
-41
40
-4
52
63
94
-22
72
-30
-47
-19
62
-92
-36
110
-97
34
-95
-67
62
-20
8
-32
60
-9
85
51
-45
-30
-71
103
109
-62
-12
51
101
-29
-82
62
41
-29
12
-8
59
76
71
62
0
-55
-35
-49
25
73
99
-26
33
-58
-5
88
13
104
80
91
-69
37
31
1
108
49
-48
38
-11
65
0
-62
110
40
100
-1
86
34
-81
0
76
-93
75
-2
-50
39
55
-68
-99
24
-88
12
30
-87
-98
27
62
34
35
21
68
4
-72
68
-67
-3
-44
-92
-79
56
9
97
-68
53
-15
62
-19
-71
-37
62
-77
56
-37
53
69
-35
50
100
99
-26
10
57
78
-93
94
-100
5
19
-11
26
-36
98
92
-3
40
-34
-52
-10
76
12
-59
-32
-43
84
-90
-5
-62
-71
-16
6
3
-36
32
50
-29
15
-80
-55
-76
9
-60
-12
76
-78
-46
5
68
3
-36
33
-16
5
101
-90
58
-19
5
96
10
89
71
-17
22
-7
-78
-37
-23
22
8
1
-80
49
-41
96
71
13
70
28
-15
3
31
-62
108
101
-52
-76
-29
53
-91
-49
-99
-50
34
103
43
-75
-45
-91
48
64
91
-63
82
19
3
42
-79
-38
39
87
66
39
-86
-68
30
-37
-43
-30
-15
46
21
66
96
24
-72
108
50
-17
-13
-13
16
-33
24
-13
86
-84
-82
-24
59
-73
-48
94
-65
47
-5
65
-21
-79
-75
-67
68
-85
-31
-78
40
-3
-80
59
80
7
-65
-14
-57
-72
73
-2
25
-39
74
53
68
-4
36
103
12
0
-73
91
22
32
-7
-21
47
62
81
56
-52
-30
84
-2
77
-12
84
-11
17
-85
87
11
56
-80
-47
93
96
-42
86
-3
58
-98
57
-31
34
-61
-83
50
102
-32
76
19
38
49
-94
85
-73
-41
-37
-87
-25
20
24
0
-91
-54
-17
105
84
-42
-9
31
40
-63
-30
43
56
67
62
-84
-76
27
36
-68
46
42
-94
-58
102
49
-45
46
-42
-52
-65
-33
74
18
41
47
-55
-79
47
85
38
-14
97
64
23
49
80
47
45
5
-52
60
-63
-46
102
8
104
26
-57
31
-57
-22
-32
-94
-34
109
-78
11
0
-61
66
7
25
52
-40
-63
70
-70
-46
85
35
2
34
-59
-74
106
49
-1
21
92
-1
65
40
67
-60
106
-65
43
6
35
82
-39
-69
76
-17
72
-97
22
102
37
76
26
8
0
-63
-97
75
86
2
65
68
102
99
-3
-73
-71
-8
-38
-59
-33
-34
-88
109
78
88
61
39
-40
-28
30
-34
-62
25
75
-93
62
-53
-49
38
50
-95
75
-90
105
41
-63
3
2
80
44
69
-65
56
67
-18
-98
17
-90
-37
-41
40
109
77
35
-58
-47
-14
-10
84
-7
9
89
-43
19
-48
98
-75
55
-11
105
-12
28
10
13
64
92
96
51
103
28
110
-99
26
-55
36
69
78
-8
-52
51
85
-74
29
12
45
82
79
70
106
38
-66
64
-45
-87
46
-92
105
31
59
-34
-52
-73
48
-56
52
53
-98
19
-66
30
39
-91
56
38
101
70
9
69
109
84
-4
-68
37
51
25
-27
-71
20
-27
-43
-45
22
65
103
-65
6
46
-63
-5
-51
-64
-77
38
-39
61
28
-80
39
-13
-82
93
83
31
19
104
-55
-39
2
-66
-96
59
70
106
93
62
-70
-11
77
47
-47
-84
83
56
54
-67
87
-28
33
95
-72
-80
77
-20
51
66
-27
-34
-4
-56
0
0
-27
-41
-5
-45
-9
25
-87
-43
41
46
53
13
-8
77
-85
-32
18
48
-48
46
69
-1
-85
89
-46
69
-56
50
-98
-86
20
55
-27
-16
-100
-67
-21
-7
71
-91
-71
13
23
101
59
-93
38
-34
56
90
-99
94
58
-83
72
-99
-45
-14
-79
37
0
-90
-18
-58
-6
62
-24
73
-56
-64
83
53
-82
75
43
78
82
-30
-67
107
30
15
90
-23
32
-79
59
-44
7
-51
93
-24
-41
-36
18
-78
-85
94
-35
40
-1
-63
-18
18
-19
-5
65
-48
65
-33
-51
64
82
8
11
3
109
-41
59
5
88
-89
81
16
-25
69
38
71
52
-28
0
21
9
-49
8
-41
46
-38
12
81
29
-70
-97
1
-93
14
-27
-94
-58
2
91
-81
13
62
-96
-43
100
-88
-83
41
-16
97
-49
-37
-62
-72
22
-47
-10
3
-77
-11
33
-73
-41
-90
-90
32
-84
-47
3
107
52
-15
-73
57
43
-84
69
-71
-73
22
-84
58
85
34
87
-3
87
46
-31
-100
-76
103
7
-17
-18
17
-15
-2
70
88
74
92
43
-29
38
55
-13
76
84
94
67
100
-89
42
23
98
8
80
33
77
80
-73
-62
56
90
20
-38
-36
-13
2
22
-49
-17
-46
22
-10
109
-22
35
-49
42
-9
21
53
-78
-67
40
110
-18
42
-54
-49
-62
-16
-24
-82
-26
-92
-18
61
10
-27
-19
-38
107
-28
-79
105
51
56
-54
62
-64
67
4
39
-31
13
-93
52
24
-47
-28
63
-93
49
81
61
57
32
91
36
-25
-38
-33
-29
-97
-12
46
-77
-67
92
85
49
-83
-22
57
66
91
65
87
5
-13
29
37
74
47
87
24
73
88
5
-2
-48
-64
-66
24
-61
22
-41
-37
-76
20
17
-58
-94
96
100
-59
-55
-77
-82
-81
90
-84
56
54
63
-99
47
25
90
21
-8
-69
57
26
-76
-34
-63
63
109
41
52
15
-48
58
80
-59
-31
-85
44
67
-66
24
83
-40
47
35
-39
-17
29
-60
105
-90
52
-80
36
-55
-14
-58
109
64
-48
50
-31
4
78
-62
46
16
33
59
-28
68
52
-56
-83
-12
-52
58
72
77
99
66
87
-91
86
92
-46
42
-77
-48
-5
-25
-28
-67
79
19
52
94
-76
-26
-88
-4
-69
64
-91
28
-58
-43
-24
-17
3
44
18
-21
-78
73
-40
-24
4
63
109
-31
7
50
2
55
-42
-57
-92
62
18
-80
27
-82
-47
36
-84
75
-38
72
-53
-66
5
-66
13
27
108
-58
-28
1
-26
50
-61
81
-11
42
105
-84
-46
-98
78
-59
2
-6
40
-75
-1
56
100
-70
17
17
-36
-9
51
-54
-13
48
68
-72
19
-69
79
58
-19
-43
69
56
-26
-7
-73
21
-97
30
-15
43
55
-47
68
-87
-16
54
30
-83
14
-29
44
101
-12
1
-1
107
-98
-33
-76
63
24
-38
8
-33
55
36
89
59
35
-37
71
59
16
109
72
-31
52
72
67
-44
12
0
26
100
-30
-86
-34
52
-19
70
5
-25
-79
-18
-89
-54
-13
100
-26
-9
32
-66
-61
18
12
-19
-44
-46
-58
-88
90
-77
92
5
-8
32
20
58
-27
-30
97
-53
-86
-12
110
-74
34
-14
-5
108
78
-83
11
-14
-96
-87
67
-40
47
-22
53
26
1
-97
0
94
35
-91
-90
-22
60
108
25
74
65
104
-31
-12
-20
65
65
27
-49
-35
-98
35
58
-61
95
74
17
-94
-11
-12
-90
90
-29
-86
-32
61
-8
-3
-73
-13
-39
92
-20
110
-31
-71
64
-77
-75
-16
69
-72
-92
96
47
-27
60
-47
-21
-62
41
69
-3
-19
84
-65
-68
45
32
-41
1
-38
-59
82
-38
90
-20
-5
-17
6
80
-59
-97
-43
6
50
30
-45
-28
-21
74
-17
-63
-40
64
-10
-5
-35
5
-83
105
106
-21
15
-54
-90
-6
27
6
77
2
55
-13
85
-99
94
104
-99
-62
-35
-20
-19
-83
97
42
82
57
6
16
-49
23
10
-54
-28
-86
-7
-18
9
-11
-43
55
-40
-99
12
-66
-17
75
-73
64
-98
72
13
64
90
79
-5
-70
25
101
46
-55
94
-54
-8
35
-40
-46
-14
-62
-88
44
-37
-28
-86
75
86
77
39
-18
30
-90
-57
12
74
-78
-19
38
-48
-25
109
99
21
92
14
-18
16
-57
36
-29
-18
-83
-96
-86
69
-1
-42
44
-35
97
-85
-35
-24
38
77
20
61
27
-53
-18
103
-55
-30
13
6
84
95
-9
-3
100
63
79
-94
-64
-38
-56
35
20
-43
-30
86
52
35
-49
-21
81
71
9
-2
-12
92
-10
-98
31
103
9
85
-44
-31
-29
-55
-79
19
31
-42
81
75
-38
-10
1
32
-35
-58
-44
96
21
7
57
-80
105
14
-19
64
16
-99
-75
-6
86
-19
64
-54
106
-46
65
26
92
35
70
-56
-6
-40
76
59
82
2
45
-8
109
71
92
103
54
42
-75
39
44
-50
-77
19
31
-44
-65
26
10
100
21
-8
105
60
-95
-12
-91
81
17
91
-28
31
52
50
71
-97
-89
14
45
-64
-58
58
-14
45
47
-94
101
82
-99
81
71
102
42
65
51
47
23
-71
97
-71
-91
39
60
-69
-22
20
14
-10
-77
28
26
45
-24
-98
-20
-8
-12
50
-37
70
20
-77
61
-49
-42
82
98
-50
-100
85
-21
-10
13
8
21
91
-83
4
50
20
-79
-34
34
77
48
-97
-42
5
54
21
44
-37
-86
75
95
52
46
82
102
46
56
50
-75
38
-53
-85
99
44
99
38
-47
-90
-27
87
-44
-10
-40
95
96
-17
5
29
-85
99
73
110
-91
8
82
-20
24
107
-81
-82
-96
46
-66
103
-21
-78
30
-99
12
-27
-42
69
63
18
53
48
-30
27
47
-15
96
89
65
-26
-13
-95
55
-100
-99
-57
-82
-15
90
32
-23
38
-76
-23
40
36
50
98
74
82
85
96
20
-56
93
36
109
-53
14
63
21
-30
68
45
50
-61
89
-62
104
-63
-61
51
75
-37
-83
4
-31
-64
71
12
-93
45
78
107
-42
-71
-99
37
-24
96
69
-34
35
107
-99
-25
15
90
93
8
-84
-79
-52
-40
65
45
65
-77
81
105
-96
-42
40
82
34
-33
-100
36
104
56
101
-68
-88
25
-72
-7
100
43
52
-49
-60
-63
-27
69
-3
-73
3
31
30
54
26
34
-99
35
6
35
102
86
40
-35
-99
30
-3
-7
-55
25
86
14
37
27
66
77
64
-72
-96
30
35
8
-49
-46
-49
77
88
32
1
63
36
72
-92
-34
-74
-91
96
103
2
-70
97
57
-86
23
53
80
70
86
108
74
5
-99
-29
-75
-45
102
102
-68
103
72
96
29
-97
104
-36
9
-18
-51
2
-47
60
-12
110
74
-99
-79
43
71
107
-91
-97
81
-90
-25
107
45
46
-33
77
-92
-71
-69
-94
12
-76
-30
-90
86
19
12
-72
48
101
-73
11
-29
28
23
11
24
-99
14
-5
-9
-42
71
-75
-26
-73
-28
-18
36
3
-12
-63
108
58
-52
83
46
-71
-99
-16
-81
8
-36
70
-74
-43
-30
-81
38
-46
94
-81
12
54
24
86
82
96
37
87
69
-6
-86
66
21
42
-93
-43
71
-92
-90
-40
97
54
-81
-88
-100
70
-69
-92
-7
-5
-73
105
-62
-80
-50
-11
-14
-44
-34
24
51
60
-21
-39
-9
66
98
-49
75
108
91
-70
52
-100
22
-79
-61
-78
-71
32
17
36
106
56
-74
-55
-66
12
82
0
5
22
29
84
83
-91
-92
71
41
83
-63
21
-18
-42
101
104
60
-71
-84
89
-70
33
95
6
-22
-90
-80
93
102
102
-18
-4
13
-19
49
66
-10
57
26
-80
110
-68
-89
-19
-9
-99
55
20
11
71
-2
-90
-7
62
16
72
-59
37
54
12
28
5
-23
11
86
-5
-34
46
22
-39
-65
101
-7
-54
-29
-47
28
-5
73
-72
-45
41
18
49
72
-76
90
-97
-70
-98
95
-73
87
-38
38
-68
57
104
78
-32
34
-18
-42
-3
109
110
50
26
-6
93
-77
50
103
41
68
64
-66
47
-64
-36
-82
-79
-8
105
-17
-1
-74
9
-7
104
-53
-4
56
85
93
54
84
-98
49
48
95
72
67
-44
82
24
-91
-14
40
-54
50
58
47
11
52
-81
-100
-52
108
73
21
-56
-42
-34
-81
21
-91
-28
23
-73
-11
87
99
-55
-68
-60
-62
-59
26
-53
67
45
-26
3
26
-4
102
106
44
-31
68
-46
13
-5
101
-99
-95
-21
54
108
7
-68
84
75
58
-95
-96
-35
27
110
13
-17
-86
-44
-44
40
52
27
35
-15
96
72
-91
79
36
110
80
-89
-22
103
-92
85
-75
-38
50
83
-33
-77
17
-37
3
-81
-84
17
56
-28
26
-3
-32
30
-48
-46
-9
-39
-78
-84
40
-29
7
-13
-36
16
-38
69
78
-19
-90
14
84
27
-53
-24
-84
-37
-38
72
-96
88
-42
-28
7
90
106
-33
20
-83
64
-51
69
-40
37
2
-55
-32
40
-8
-82
50
-24
-29
-34
23
48
62
86
-21
23
90
37
-49
-49
13
-70
-53
81
-80
44
-97
-31
82
-37
-25
53
89
-88
-18
-30
-70
-79
46
2
68
-42
19
99
13
-33
12
-8
104
-68
-87
7
42
40
57
62
53
60
1
105
-8
76
47
-30
-42
-81
-90
-12
20
56
-41
-23
-16
-53
-34
97
15
-53
59
8
59
72
-16
-10
81
10
22
23
-41
-8
17
52
37
34
-9
95
53
1
53
-38
27
-99
-91
-100
29
55
-34
-67
-29
-86
-90
-1
-45
75
-42
-75
-26
80
-82
34
-39
35
55
99
-42
15
-48
-20
-94
105
-88
33
107
1
-98
25
25
-32
-73
-35
63
-63
64
-93
-19
-89
-67
56
-39
-49
59
22
-45
3
90
94
-13
-68
-37
-7
