56
11
29
-36
-12
0
34
17
27
26
-44
66
-10
59
-3
43
-20
51
19
-7
-25
28
-34
-49
21
43
31
-35
24
-18
-6
40
43
-48
54
-9
2
48
-32
-10
3
5
-15
44
-7
63
47
24
44
27
-23
69
-16
25
70
-35
-3
31
-20
-50
-27
24
40
67
57
55
18
20
32
37
60
-4
-29
-26
0
15
-33
-24
-1
-29
-37
57
-31
28
11
-1
43
58
-10
-48
-32
14
26
-31
41
44
-16
19
-7
-24
-15
-18
22
38
37
-18
13
-36
40
-28
-15
53
-42
35
11
20
-5
-17
38
35
17
-33
9
3
-14
-21
-24
51
49
19
-44
-6
-39
60
-8
-41
-29
55
-27
61
-13
40
44
-4
4
15
-24
49
-42
-26
45
25
-9
-17
-42
27
44
-16
38
22
-36
45
-24
6
34
19
15
-35
34
70
-44
-49
39
-40
28
3
56
-36
13
64
-12
-13
50
30
51
-32
17
24
33
-15
6
47
-10
33
14
-16
12
-42
-1
6
-43
36
7
-44
-44
-5
10
62
40
-17
-34
-42
51
-24
69
31
-6
15
-15
-44
-40
41
54
0
34
28
34
-25
36
-6
32
-46
-10
-1
-40
-3
-45
51
19
45
-6
35
-37
-26
61
-39
56
-16
58
1
22
68
-29
36
29
-34
-7
23
22
-42
-23
14
-7
18
64
35
65
-21
46
13
-16
-30
9
-2
-6
30
40
-21
-25
27
61
47
56
-7
12
45
9
55
-3
-40
-27
25
25
17
3
49
12
-3
-12
-13
-30
53
7
60
11
52
20
-19
-9
-45
-32
13
52
-16
56
24
-42
-6
39
37
35
-28
-9
20
70
44
29
11
1
-23
49
52
-40
16
42
21
28
22
52
-20
27
-19
43
39
15
28
23
24
-18
-9
21
67
13
62
48
44
66
6
-16
27
34
-7
39
-46
60
10
25
17
-8
38
47
69
69
50
68
44
7
20
28
39
-29
-22
67
66
-31
44
39
-5
10
-48
-18
4
27
-49
8
16
42
-37
-7
-36
-39
1
-7
-41
-20
-9
53
38
-29
11
37
-7
39
33
-12
-31
37
-44
45
-23
-11
-12
31
66
-11
0
11
-9
44
-35
5
55
16
-41
-26
46
31
-44
44
52
48
11
5
48
4
43
-23
-29
-41
-18
29
-1
20
-11
-6
-31
70
-34
11
43
-19
-24
27
-43
16
51
53
-24
-32
27
-11
-24
-2
44
-16
52
48
11
-17
57
-46
62
-15
24
12
61
-46
11
-13
46
-16
49
-18
-29
56
49
-17
69
-15
32
56
24
-32
14
29
3
-4
6
-26
60
-8
-22
52
59
-37
-7
-41
-33
54
27
-27
-2
36
5
51
52
14
-37
50
-40
-45
67
34
-27
10
23
26
-34
-42
51
-44
32
-11
58
51
2
11
60
50
-6
47
-48
-47
12
39
54
-7
13
-23
3
23
-18
-1
18
36
-30
-30
-8
17
-21
3
23
-29
42
41
-49
-26
-19
-29
-16
26
68
-13
60
40
-14
43
-7
49
-20
46
33
43
6
-20
8
57
31
50
3
-30
13
-44
-9
-15
47
-8
40
-11
44
-16
-25
-49
52
-36
41
-33
-33
-37
-23
-3
-30
-30
-31
57
0
27
43
-40
38
-25
12
-20
12
53
46
20
6
46
59
-21
-40
-37
12
62
-23
-18
-10
-6
27
48
-49
-43
68
-30
64
28
-43
36
38
-45
-29
10
-14
34
-7
-8
-17
49
-1
-29
-12
40
15
50
31
42
-7
-19
-4
70
-42
-3
-13
-45
48
-20
33
-35
66
32
-29
-3
-29
38
-40
14
-41
24
23
39
-45
-28
8
20
-49
-31
22
25
31
-22
55
40
56
-29
45
33
1
8
49
27
0
-20
-46
21
68
-5
-4
-13
70
-21
-44
-46
1
14
56
34
64
7
19
25
36
4
-6
21
25
-1
15
-13
-33
24
64
17
54
-22
-1
51
24
-45
-2
23
-16
4
58
67
-21
43
30
-28
11
9
-43
-24
63
32
-43
18
-39
53
-35
9
6
-42
-13
-11
18
36
0
-29
41
49
-46
-15
13
62
-19
42
66
-29
-25
6
31
-18
63
54
-25
70
1
17
53
47
-45
19
56
-8
-31
3
-12
19
55
-11
28
59
25
2
-40
-34
-27
-45
-12
29
11
-21
-28
3
-38
-3
34
45
64
47
21
69
-5
37
22
14
0
60
-6
-16
-21
-18
3
-36
65
14
-20
-1
19
18
-43
-9
-43
-21
-46
1
26
69
-25
50
45
-44
-41
1
-46
31
-25
4
51
50
70
-41
-7
2
-27
-13
66
35
36
46
13
44
-34
21
-17
-30
-49
-30
-31
7
-20
-26
44
-11
25
48
-20
-39
-18
-39
61
-19
1
-17
64
56
52
60
20
48
66
-38
52
-39
64
-35
12
-25
16
62
32
46
-34
6
-35
-49
-17
-5
-7
46
37
-16
-13
-32
48
-19
-47
60
1
54
38
-4
66
19
38
60
34
10
-36
-21
2
-43
-14
49
44
1
-40
-13
-44
4
-6
44
69
31
-28
46
-28
-25
67
23
-11
34
-21
15
-18
-23
35
-23
38
-40
37
0
-33
-48
9
-29
34
19
8
41
-48
52
14
-19
44
67
-43
66
2
-47
50
41
68
-11
-15
-21
17
-50
6
15
-40
4
65
8
6
34
29
-30
-18
-34
61
16
-21
35
47
-48
31
-36
68
-7
-2
47
-37
-5
-3
-2
25
64
29
-9
39
39
-45
33
-24
12
27
55
63
59
-18
-37
35
11
48
12
13
39
26
41
-39
-15
49
5
30
-25
53
15
-1
43
-33
-33
11
-28
-40
69
34
37
-37
26
25
-5
39
-10
-34
47
-38
60
46
69
31
-33
-17
40
22
64
65
36
39
-7
8
56
41
-21
-42
51
8
-48
17
22
60
2
67
59
-48
-6
67
-36
-17
-48
-6
-26
-30
27
-26
-48
51
-32
69
51
42
37
36
43
67
-46
23
4
-12
0
-14
-23
53
-17
-4
55
58
-8
-20
-30
-5
24
26
46
11
50
48
23
-21
47
3
-19
44
-32
-46
40
4
27
5
42
-43
41
-21
-30
-16
25
-15
-29
68
15
23
23
-1
9
-2
61
19
-25
13
48
-18
-24
-10
-44
-6
-6
-44
-42
-19
42
50
19
13
-11
39
-43
65
-46
10
-28
50
-7
45
-21
-38
-28
0
31
28
63
9
61
-1
49
-23
-47
3
-17
-38
34
-45
-28
-17
49
12
-18
56
37
-14
26
59
-34
69
33
26
-40
-35
-45
42
43
-22
11
33
27
20
60
30
-17
4
42
67
9
-25
10
-13
37
-47
3
34
20
-41
22
36
-43
15
22
-1
30
27
1
2
55
-28
-4
42
42
16
2
-15
70
4
-19
8
29
-48
-45
26
-14
9
20
56
49
-29
53
-34
36
4
15
26
-39
66
-11
-24
-33
35
69
-31
-20
31
4
-20
-5
67
69
-46
-21
-46
61
15
44
11
0
22
63
-18
38
60
68
-17
15
-42
9
54
15
58
49
44
-13
-41
4
42
-11
50
69
18
-36
-23
22
-15
-48
-5
-44
33
67
70
-24
35
59
-27
-22
34
-19
37
49
-44
55
27
51
-28
67
15
-26
16
-6
-28
-36
39
30
36
-46
63
-39
-40
25
-12
-10
51
-17
9
-47
11
-27
15
9
-18
22
-7
-31
33
15
-34
-23
39
32
53
-29
46
21
51
43
56
43
-36
-23
-2
2
17
9
67
-44
44
7
10
-12
66
42
-30
20
61
-37
-36
-13
-9
-36
70
4
-15
-45
-15
-3
-42
-29
0
-28
29
-42
56
-25
18
52
12
-9
19
-49
60
15
-47
-9
-36
-25
4
9
12
-45
54
42
9
-31
-42
-45
47
-34
-24
-24
-11
-35
-15
5
-10
53
17
53
4
-35
-36
24
30
-1
65
-46
24
-1
45
-4
35
28
-32
5
-43
-24
10
54
23
67
-9
-28
-39
26
27
1
39
-27
14
3
-11
60
-44
-21
-12
-49
15
62
31
-11
-13
-5
-23
36
50
16
-28
-11
-1
46
16
-50
-22
27
57
56
-11
25
-11
53
-12
59
42
-5
-1
-41
27
-26
-19
-13
13
50
63
-50
15
43
16
38
-8
-24
44
59
-24
-49
46
-37
-33
-36
69
38
68
-13
26
70
63
-15
-10
19
9
21
-34
-18
0
-42
-17
-24
-39
49
64
35
-15
68
54
12
69
29
56
-3
44
54
-36
-49
1
40
-19
24
-14
21
3
45
3
19
-43
-37
59
21
-11
-20
30
13
65
66
41
-42
7
40
69
23
-34
42
37
11
-47
-32
11
15
-48
47
-3
6
22
50
-46
60
-27
-27
10
44
4
-31
-14
29
-5
-12
38
52
-43
36
35
4
38
2
65
-49
51
36
16
53
13
-27
-12
-5
-48
24
15
7
47
-15
-20
11
35
47
-30
-40
-36
-32
62
2
-36
27
-34
52
-11
-9
-37
-31
-43
60
-49
51
-37
21
-25
-4
-26
40
53
-19
-46
-7
-47
39
1
4
49
46
22
-49
-22
36
59
25
48
-23
67
-29
-4
-16
-40
28
-36
-27
-22
-11
51
33
-11
64
-25
-7
-13
-22
-8
38
32
2
13
-17
3
-49
-21
22
58
-13
-41
54
8
36
-2
49
-7
12
-17
53
-39
-37
15
0
-44
40
-47
24
68
-5
22
60
47
-4
3
10
-3
32
-8
-16
-21
1
-2
68
-34
46
47
41
18
-41
54
29
3
-2
-11
40
-1
-8
-6
27
69
66
17
-45
22
70
47
70
63
-32
14
-29
51
-27
0
-23
-21
-24
-22
48
16
-39
37
-21
10
-13
69
-31
29
23
46
58
50
23
-26
1
54
-50
31
46
-1
-25
-23
10
29
27
38
58
-37
66
66
60
-43
64
-32
48
-20
-33
67
-31
40
-48
-43
19
57
12
-50
40
12
31
15
-29
-34
-48
32
-45
61
-1
64
-47
25
-31
64
32
-38
-39
40
23
9
67
43
10
-20
-40
-11
-34
22
20
56
-37
12
31
15
59
33
-24
65
54
56
-32
-32
11
-13
-39
3
31
3
4
-17
-27
0
-45
64
30
-35
-18
46
37
53
31
-40
25
22
26
13
-15
52
7
-1
69
25
17
9
63
59
-28
54
-8
26
-34
46
-44
-28
39
67
18
-19
43
16
-37
34
26
38
-14
-19
12
52
-6
69
-20
-8
