-38
83
-85
89
-13
51
-75
34
1
1
103
-48
-42
108
23
-20
44
76
26
63
-90
-7
-60
97
83
-30
100
-80
84
76
-17
-65
-82
-2
-6
85
-62
19
8
-92
-10
0
-40
48
78
-48
-83
91
-2
-88
43
88
6
84
75
-22
-57
64
78
-4
30
-50
32
-83
48
-85
102
-44
-97
79
44
-7
-32
-26
10
15
106
108
-4
-7
-91
-72
51
15
-19
15
-38
105
-32
-71
-10
-33
59
-9
64
-3
6
55
-78
90
103
-65
-28
-39
9
-48
76
5
-51
41
-33
-42
70
-93
-57
20
102
5
14
40
-96
-26
-24
63
65
-70
29
41
-46
-80
20
-53
-44
-39
88
65
13
53
39
-69
64
-24
-10
103
63
-98
12
55
7
-4
64
91
70
-71
44
104
-41
-38
34
14
-17
23
61
-92
85
38
73
67
60
82
99
13
27
58
5
59
60
-13
3
36
83
-44
17
-89
-14
-50
-96
-86
92
-92
28
44
31
58
52
85
-15
95
-89
-65
-65
110
-83
62
-74
103
10
86
-21
-17
11
31
-92
-3
42
74
-84
-85
89
109
-77
86
-89
-76
34
64
-22
-92
48
-11
23
-48
68
-90
-97
94
-98
93
-62
61
45
-81
-19
-77
16
-88
-34
33
7
24
-100
-100
0
-89
-76
-77
-56
82
11
-39
-39
4
13
-82
94
96
-18
96
79
20
-85
93
39
-4
-95
25
88
-28
27
-16
96
107
-16
65
-13
88
-43
32
60
-62
-38
-10
42
76
88
105
61
-41
90
109
-51
105
92
-43
70
-34
82
47
-93
78
0
-27
74
-46
-73
-49
-69
-15
-48
-40
23
14
50
34
59
108
28
10
-44
87
88
85
-50
-62
-68
-91
5
-17
-75
92
31
25
-46
-6
79
-18
-86
-20
-64
46
40
59
-50
60
-18
109
57
-21
88
-18
-45
66
-43
85
104
69
94
78
-59
-92
-71
-59
-98
-17
36
-49
-66
-81
31
-30
66
40
-2
-95
-11
80
-17
15
28
-39
98
83
-4
24
57
-11
62
-91
37
-28
-3
66
14
80
18
-61
-80
53
-42
51
-88
-7
-20
91
-2
-61
-71
-49
54
58
12
-90
110
108
34
-74
66
-15
15
72
58
-98
107
-39
82
15
80
102
37
7
-89
-82
101
-9
109
68
30
-72
-92
54
86
100
64
-46
-34
68
-20
2
22
96
-37
-31
-33
-40
110
-62
-56
-52
9
81
56
100
-32
-85
60
-33
-48
60
-5
41
3
50
30
-44
104
97
-7
54
-12
-95
39
-80
-26
106
60
54
13
104
-29
-9
-57
-4
-20
12
11
-71
-52
64
89
-88
74
61
-69
-7
-13
4
59
80
-53
16
85
86
37
29
-50
-14
52
63
60
-88
23
103
9
103
84
-91
2
1
-58
60
93
-95
11
-87
79
98
18
27
-64
65
-67
-89
-90
-61
40
-40
25
-19
-7
-26
-7
-95
47
102
-22
100
-19
80
71
103
29
53
-22
9
67
26
76
54
-58
-98
88
55
-87
98
94
-78
28
89
83
-90
32
-35
-5
-32
37
73
38
-13
42
78
59
41
20
6
19
56
-79
-15
-1
44
67
-23
68
-51
44
-79
-29
-39
110
-57
-29
31
88
-64
-31
94
109
-24
50
-90
-57
79
-80
63
54
39
89
76
-7
-23
89
-51
-77
46
78
68
-64
-62
-2
-65
61
70
-64
-92
-25
85
-29
-27
30
-9
-17
73
-41
83
105
-98
12
-48
-53
-26
30
5
104
-78
21
71
-41
57
110
58
-38
-71
97
78
17
-39
52
89
34
-29
49
-13
13
108
-41
87
-21
-60
-71
107
15
-72
1
8
30
-89
48
90
-62
-84
37
0
-54
103
-33
63
-47
-12
-90
-44
-72
59
43
-90
-75
-28
97
85
92
-5
81
76
23
51
53
-57
63
-9
2
-30
7
-72
70
53
0
-74
86
53
94
-35
109
-89
-6
-89
-79
19
63
-13
-7
44
83
43
10
-5
-16
-48
-93
16
43
9
86
-60
-94
-86
-38
6
20
17
28
3
-48
27
94
46
-93
-96
-46
70
-9
-83
3
43
-71
-18
8
93
35
15
-2
-33
-6
53
87
80
67
19
56
-24
5
53
-52
57
49
-69
-8
56
-65
-84
15
107
13
-12
39
42
70
16
25
-6
-79
-8
-69
95
-65
-13
-67
-29
-25
-42
-83
81
-99
-35
27
50
-3
-91
-4
-99
-75
-20
-23
38
-63
-14
49
108
102
-37
71
-8
-75
102
-24
40
59
90
-100
-77
-63
-3
104
18
63
101
38
29
110
3
110
4
83
-23
11
-90
63
-51
-13
54
93
-53
-64
-93
19
92
47
47
-60
-84
70
58
94
-67
-35
-85
-77
103
44
2
75
43
106
48
-91
6
-73
-59
-76
94
-35
-94
-70
81
-7
-82
-69
9
65
-28
106
25
-81
89
-73
64
104
-50
-74
37
52
101
49
-84
-93
-72
22
14
-31
46
-3
-97
-78
28
84
15
46
-95
-86
1
-23
-91
-5
76
-33
102
109
-40
-59
-76
-34
-38
-5
-96
-22
2
-68
-31
-14
82
-16
83
85
86
0
-72
-9
16
-67
85
-14
90
-37
-50
-76
30
-59
-78
-41
62
27
25
-87
-9
29
71
-38
-69
9
48
-18
-38
21
36
-62
-10
64
109
106
-34
-48
61
-55
15
-100
49
14
-59
72
73
-28
68
-13
65
-52
-15
25
10
16
3
-52
-33
-65
69
104
-27
-52
-74
51
24
-7
103
-26
-93
7
55
57
-10
-35
98
-48
38
55
-92
-8
103
-7
-13
2
-21
90
50
46
-86
88
-92
67
6
-65
7
-81
108
79
73
-96
-25
17
-70
-66
83
-83
-14
10
72
74
102
-67
-43
58
36
36
-93
55
51
1
-98
60
-42
8
-36
-66
107
-39
-97
69
45
58
-24
76
93
-52
-38
48
-73
4
12
-2
37
69
-54
42
74
-47
67
14
-77
-62
-37
-19
46
27
96
42
-43
99
80
103
-85
-55
-63
108
73
79
-85
-31
-28
27
68
-21
65
-17
-10
108
-95
26
11
-72
64
-56
90
-1
-60
75
10
-2
-68
-20
70
-53
105
-24
25
-63
24
40
6
-34
36
43
-86
70
-5
4
67
80
-80
47
109
84
91
-43
53
1
1
32
-32
33
-19
7
-51
56
-48
74
93
76
3
68
-69
8
1
-55
-33
-35
-81
3
-65
-61
-60
13
-8
0
70
14
-30
-40
-64
38
-38
97
-66
11
42
-14
-25
104
32
-53
62
63
56
32
-22
-8
97
-3
96
1
-95
5
-97
77
-26
-58
-19
45
2
97
-28
-67
-48
87
45
95
-38
-11
-43
94
36
-92
-84
61
-91
74
23
-24
-40
88
77
45
62
81
91
-75
-88
-39
70
95
27
-68
-83
-51
-92
-69
13
50
20
70
-97
26
-52
-81
56
-43
-38
48
33
102
25
0
36
-24
50
16
2
-69
-53
41
-5
-57
-58
93
-8
30
-87
105
-30
-97
65
53
109
-18
-59
-77
39
3
72
-38
-6
66
-69
-81
12
-50
-96
-17
61
31
-87
-54
75
-44
8
36
-45
21
-100
25
104
65
-33
-29
-64
88
75
-56
-20
-95
86
74
71
-14
-38
52
36
47
4
67
-33
18
-98
11
-57
10
-63
-2
0
-63
-7
74
-29
-71
14
87
-93
-22
0
67
-17
-24
31
24
62
-38
45
68
109
-61
24
-34
-74
106
-54
-31
85
-17
-64
54
100
109
97
40
8
1
96
15
-52
-14
-29
-99
62
-29
25
13
34
-41
50
-99
78
-37
-33
104
38
94
42
12
46
79
36
36
-54
22
45
54
-8
31
38
41
-94
-21
42
68
50
36
50
53
-36
-10
55
-68
-78
-9
-75
-70
-26
68
-89
-90
-95
47
46
31
39
-20
-25
-80
-100
-18
61
-14
61
72
-57
1
-3
-37
-57
-69
-78
-33
-37
24
59
68
54
-78
25
66
-68
110
82
-53
31
10
108
-25
-100
-23
57
-70
64
8
103
-24
-22
69
39
101
100
-70
-42
-48
55
-14
-10
78
8
-96
-98
-90
-16
85
37
-16
64
-97
-72
64
-19
85
-36
14
62
-44
-41
9
-6
-32
0
64
-2
-73
-15
-58
13
75
-90
-10
-51
-88
0
33
-34
7
-94
0
10
-66
33
91
-12
97
74
20
22
-77
-82
-94
-9
18
70
-42
-86
-56
1
27
-91
91
-13
-42
-28
87
-40
-92
63
46
8
-37
-51
-70
23
-94
-83
-13
26
39
90
45
-86
-30
32
-47
108
47
-2
-2
43
87
58
-81
14
0
-24
-57
8
-72
89
-15
-9
7
15
-96
13
-99
71
-71
-90
50
74
4
-11
75
58
-14
91
25
-46
24
81
-19
-88
-16
-50
-12
27
-73
97
85
12
57
-19
-3
-70
94
-2
101
-8
88
-91
35
-18
78
0
-71
34
-20
54
-43
104
24
38
-14
-23
89
74
-27
-95
60
27
98
87
108
-16
-94
-40
-49
108
53
-71
-14
-23
91
-46
77
-91
88
27
-68
-66
100
-75
-59
-25
82
-1
19
-56
85
-32
-60
72
24
-63
-55
31
77
76
28
19
-26
-17
-34
-46
37
12
43
94
-72
75
-3
-82
-31
39
73
-60
7
-19
64
-19
-81
104
-58
43
10
67
-37
-23
33
-40
-35
-24
44
31
31
50
13
-37
34
41
8
-80
-72
77
-72
-29
-93
36
52
-60
-14
71
-66
29
4
44
65
-64
-10
67
-3
56
-67
-70
56
64
80
-42
-4
83
-31
104
-27
77
-60
81
-63
27
6
90
67
93
-81
101
91
103
-96
-86
-71
-6
82
106
-61
-96
5
-35
-63
54
23
-98
27
-39
-24
-31
-72
16
-61
-35
-68
-85
24
-32
-23
-87
39
-43
-15
43
-29
94
-74
22
89
46
26
63
-100
-68
7
103
15
3
-46
91
72
-18
76
-20
-84
108
-5
-90
45
72
-77
-27
-2
88
-95
-61
72
12
61
50
27
57
83
107
89
-21
99
-7
-49
-58
53
-8
104
18
72
-10
95
-43
0
30
-2
103
103
97
80
-22
-75
41
90
86
61
86
-99
33
82
91
-19
70
53
-99
-18
-4
-7
55
-17
-46
-66
-32
91
-97
98
59
106
-41
-86
-55
37
-61
-45
96
-6
-15
71
-4
-13
42
56
68
82
78
69
-47
-37
31
108
-84
-45
12
-16
15
15
-29
-37
91
110
-23
5
37
96
60
22
60
15
63
-55
102
74
-30
-71
45
-63
-33
-33
81
99
45
97
23
-54
-30
-73
61
-90
71
-90
-91
-63
15
-85
3
45
-93
-48
-51
-61
77
20
-98
16
-82
48
53
-14
-96
103
54
49
89
46
-36
28
73
-5
-93
33
5
-3
-60
-10
92
43
-76
99
-36
53
-73
-70
-38
10
46
61
-53
68
-64
31
61
-41
50
-92
105
-97
-94
-64
78
-7
70
53
90
-21
-68
72
-9
36
-71
55
-22
37
-46
-91
-64
-31
70
63
-74
-25
-17
-44
-97
2
-35
108
6
51
-66
53
-67
-27
-5
-87
-79
27
-46
12
-48
63
-44
110
69
90
-11
-26
-52
-52
-74
-26
104
90
31
107
-19
-35
-26
-44
-95
88
110
-62
-50
-6
31
51
-89
-46
-48
43
-93
88
-88
76
67
1
-60
-16
49
46
58
42
25
58
-92
107
-8
-18
-48
-3
-41
-49
-95
89
46
36
29
-74
91
-50
-62
-33
-73
-50
12
-37
51
-79
47
70
68
74
81
-18
102
89
58
-17
-40
-100
-50
19
31
-45
-3
46
-40
-5
-59
20
45
-20
87
72
110
-11
4
51
10
20
10
47
64
60
-1
55
39
-54
7
99
26
57
88
27
-19
54
-38
42
-61
84
-49
84
-47
8
-85
-48
-34
99
-28
-55
9
-49
93
42
-99
-19
-14
-91
27
93
-23
23
-91
-46
-61
-10
109
1
-79
17
54
53
-10
107
-50
85
29
96
74
-30
-70
52
22
-88
-17
103
73
-62
-99
-10
-80
-22
-18
9
-98
21
100
-20
-9
-10
97
-65
-68
56
11
62
31
-71
47
-6
0
-53
15
-9
-41
98
63
-78
-75
64
92
25
11
-37
-76
13
84
-7
93
44
83
-52
79
-15
105
-20
-64
25
89
-47
-12
58
0
103
18
-72
-41
-30
-50
-16
3
11
-22
-16
74
82
97
-84
-36
-51
-70
-63
77
109
22
71
58
-73
65
37
60
-58
64
-51
14
-28
58
73
-89
-23
26
15
89
105
99
-79
76
-46
18
-70
83
48
47
50
-85
38
90
74
-66
45
80
95
87
33
13
71
-26
-40
33
-14
38
-51
-30
96
23
38
-14
68
-39
104
-33
-66
41
-97
-47
-74
-90
-68
100
-55
77
-62
-71
-77
71
-89
94
15
52
16
-30
59
-66
-91
44
57
47
-81
15
108
-87
-49
11
-77
-45
64
-51
45
97
18
90
-68
56
-12
-45
97
0
-62
81
-59
-76
-60
100
38
-51
-98
-15
96
-79
-31
-38
14
20
74
-93
-56
27
36
90
93
24
-62
-85
-31
27
50
-45
-4
-42
5
37
-18
45
106
-91
-37
108
74
28
-2
12
91
-18
2
54
69
-85
50
-6
-26
-98
-93
13
-83
57
-71
-64
-19
25
-6
87
31
76
21
106
-45
85
103
-2
2
70
-100
62
21
82
85
-21
97
105
74
-39
107
-50
-57
-7
107
-28
29
58
-34
-87
34
-34
-42
24
-39
93
78
33
-19
50
72
61
1
-17
-99
-24
62
98
-30
105
28
46
25
71
-72
101
12
-74
48
-53
-61
-29
93
78
-35
-57
60
-68
-55
10
82
-93
-40
-27
70
-39
-82
21
29
68
96
26
83
10
67
-100
0
48
6
-62
-35
46
89
-53
93
-57
71
42
56
-95
-58
27
-8
82
-31
-49
13
67
-58
11
24
-73
-74
-4
37
-38
76
-74
-100
-28
44
-35
-13
103
92
-31
15
52
-20
-40
-73
102
88
99
-57
-54
20
56
-17
62
-44
107
89
62
73
95
-86
38
-10
-6
-21
4
-72
-65
-4
-91
84
-100
62
-46
-39
-42
25
18
-54
68
-67
66
93
16
17
18
13
75
-30
55
-72
64
62
99
27
-69
-8
55
46
88
64
20
-43
95
74
18
-58
68
5
-11
26
39
-56
8
-56
-69
-4
-74
-25
-65
81
4
99
-98
-8
95
13
-47
39
-52
-70
72
68
67
57
31
55
-32
-11
-51
57
-16
88
-29
-39
2
82
57
108
-54
92
79
-81
-51
-50
91
-67
63
-67
-59
-100
43
-97
69
0
-71
69
-56
-3
27
73
-56
-100
51
95
42
22
66
-12
19
-99
50
67
1
99
-94
-19
-78
69
95
43
70
107
46
108
76
-56
-65
-11
42
63
-48
-45
-68
-28
-61
74
94
-26
32
2
55
-29
-41
-55
-41
45
107
61
4
-40
-6
43
-44
9
-91
-78
54
-56
91
65
107
-68
-91
9
4
28
52
67
102
-27
39
46
44
98
-39
-27
-99
37
3
5
97
-34
17
22
76
26
-87
99
71
105
-78
-64
-74
11
45
-100
8
-13
-64
-1
-71
75
14
-57
-69
-56
16
-67
81
-12
-93
-64
55
25
59
100
-60
72
-43
-20
66
-21
97
-38
90
31
-38
-13
-13
-2
-45
17
43
-62
60
74
63
-35
107
33
-78
-96
70
77
29
18
66
-62
-21
-88
99
15
71
85
77
-81
85
8
86
-38
-25
-70
79
-93
49
28
82
1
-38
-53
3
-16
-49
-38
31
-51
-51
66
68
109
-52
-75
13
-92
110
59
-72
-47
-44
-97
15
31
14
63
-92
-48
-20
90
-78
-89
6
25
76
58
-43
-4
-24
6
31
13
84
79
38
-14
88
-94
-66
-15
-40
70
-12
-56
-9
-29
108
-1
103
57
58
-6
-62
-47
-91
-97
-20
-34
79
-74
-59
-1
39
-85
-32
47
81
25
53
-15
110
-18
-56
67
27
35
-72
24
3
0
50
30
95
88
84
104
-40
33
39
-72
59
-51
108
68
44
-35
4
15
-41
-54
100
-42
109
-67
-86
25
-62
22
18
41
-88
-43
-39
-24
15
14
49
75
16
57
104
-35
106
-30
-78
40
-96
26
-56
-37
-59
13
21
-61
46
-96
-67
-47
107
-80
-36
-12
-22
105
64
-38
8
2
-74
-7
-52
-1
58
23
69
-51
-48
73
-56
76
5
66
58
-5
105
-6
0
8
-84
-4
28
-20
84
-25
-26
-94
37
-49
8
64
45
-75
32
72
-83
-9
-9
50
33
35
15
-72
70
-37
23
65
-74
-8
42
-58
-43
-41
103
-70
35
-34
-64
41
98
-87
74
-99
18
-4
73
36
87
-47
-25
89
-42
-41
-14
-83
102
-21
-49
-83
71
93
40
-82
22
-99
28
26
47
-66
-44
34
27
-80
35
15
16
78
-60
72
-80
95
-81
58
23
6
76
15
-46
-4
-99
-86
59
-90
12
-30
-89
10
96
59
44
21
62
40
-90
67
-56
106
34
64
-64
54
-83
-44
82
41
-69
-84
25
-15
12
26
-1
-40
-94
-19
30
-83
-40
95
-55
104
86
-23
-98
96
-67
-53
-39
67
-100
-3
90
-82
53
61
-72
84
77
53
-42
59
-32
-73
-92
54
88
-92
-59
-63
-28
-14
10
-53
-68
12
13
-35
-72
-57
-79
-71
40
-19
27
-17
11
55
36
-22
77
-36
-74
14
71
14
-42
48
102
-1
-46
-36
-46
64
91
-13
45
73
-79
74
-95
23
-28
46
104
-32
-2
4
-8
-77
-49
-42
67
57
72
27
41
-81
-36
32
98
18
96
-58
51
-54
109
-14
-92
-81
29
-86
42
-30
-71
-96
38
27
89
-81
-81
-71
57
87
-44
18
3
97
-93
-63
18
-26
-76
84
16
76
-81
94
31
-73
-97
29
21
-86
99
50
-1
106
-34
-23
-6
66
6
-60
42
-69
-73
14
-83
14
51
-95
89
76
89
74
-90
108
58
-90
-76
-70
-92
46
24
-24
65
-88
-29
1
-11
65
-44
-35
-26
98
-4
1
1
94
-15
22
99
-37
67
77
-74
-54
74
84
-44
-33
-17
-36
-18
108
-91
17
-91
-20
-93
-1
14
-37
-67
88
30
109
58
0
92
-68
-89
80
75
78
-85
102
-87
-42
-56
49
26
28
-18
-23
105
-9
94
-97
71
101
82
54
33
-96
31
-48
-97
59
53
-36
-40
64
-66
-75
-99
-51
-4
-6
8
40
-67
3
37
15
-51
-100
-24
13
-96
16
83
-45
-40
6
40
-40
58
-88
-92
0
-24
49
34
90
74
-96
-71
39
-2
-94
48
31
89
-25
16
7
-25
-39
-91
59
77
93
-96
-74
68
44
67
15
-75
-56
-15
1
93
-12
-19
-75
-8
90
64
90
-35
2
91
23
-54
76
-81
101
-74
9
-81
-28
-9
3
79
-52
16
35
-68
41
79
17
-69
-69
-26
92
36
66
71
70
-85
-75
-39
-25
-83
87
20
-63
-54
46
46
-35
-13
6
-63
-45
-77
53
-41
-45
-17
8
-58
95
39
16
76
-36
52
-94
-77
-64
11
64
11
29
-91
-80
66
36
-65
81
-30
22
-24
8
-53
79
-50
6
-77
-97
-97
-35
98
-89
-49
-68
-24
-28
-62
79
8
-81
-98
-12
48
-9
88
83
-84
-88
53
-13
-97
-2
-36
-50
-34
94
-74
69
97
-71
4
-47
-59
55
66
97
-4
-27
-66
-27
-8
16
61
-71
108
38
-99
-7
-81
-77
-51
2
101
13
-78
36
-3
-52
-5
63
57
99
-14
98
-88
-59
-47
8
14
-12
81
107
-27
-100
-75
50
38
7
-67
-74
110
62
28
101
-35
50
26
-69
-33
-90
94
-86
-22
-31
-99
-10
90
35
-33
-6
-8
17
-10
65
17
95
5
24
71
-93
50
71
69
48
-70
-77
67
56
34
-76
-64
98
18
14
-44
99
-26
16
23
41
110
-96
-52
69
70
-66
-78
44
59
94
51
78
-77
9
95
-47
-98
52
-22
36
-55
14
23
63
-82
-51
51
-8
65
44
2
-67
48
-81
102
87
-46
-7
20
-18
56
-40
-51
79
-61
14
1
-59
35
80
-54
-51
-17
70
-99
81
-12
-79
42
-58
65
-66
55
83
-47
46
59
87
8
49
-42
-46
109
88
-78
17
-9
104
58
-5
73
105
44
-55
-67
45
-4
21
-65
-73
-68
-30
41
87
-58
-36
102
-30
-60
-1
-92
79
53
-13
56
-55
104
16
-62
-79
-100
-20
-5
44
105
28
58
-10
18
-38
18
-81
32
28
-25
-57
92
46
14
2
-66
102
-30
-43
-22
-5
82
-28
-20
-11
-7
60
69
88
-7
63
85
20
-57
72
82
-70
-40
84
58
35
-4
-91
-30
110
11
84
-29
-50
10
49
45
-19
-10
-6
70
83
-57
28
-71
36
61
-17
25
-27
24
76
3
84
-82
30
88
15
-92
27
94
99
1
-46
-62
-20
104
-48
62
-17
46
101
36
89
99
-66
94
49
18
88
-89
11
54
94
-15
