1 31
4 9
34 10
27 4
45 37
23 34
14 31
22 44
45 3
24 35
39 17
36 9
14 15
26 7
42 25
27 36
49 18
7 12
2 25
7 30
9 49
47 11
45 23
38 39
31 33
45 32
15 9
44 24
48 15
17 46
31 17
37 30
5 25
41 12
42 29
30 27
8 45
10 42
36 6
21 18
14 12
49 43
4 20
4 29
35 7
41 23
8 20
30 29
44 28
17 50
9 46
21 11
32 41
20 30
41 7
16 5
7 2
31 5
22 20
35 2
46 35
12 21
6 35
13 4
27 21
42 19
39 50
25 12
44 25
39 4
17 38
22 6
12 5
3 11
38 42
50 7
17 22
45 38
30 19
9 18
36 44
33 48
44 2
17 15
39 45
22 38
9 29
1 27
2 7
34 42
47 39
11 19
3 45
26 19
32 35
45 8
40 48
41 22
46 18
35 15
