1111110110001011100111011010110000001011100011010010011001110001010000010100111101001011101010000110
1000111111110100000010101011100111011001101000100110001110111011000001000110011111110111011000111000
0111110100101100000101110110000110111110001001010100100001010110011011110000010101000001011111100100
1001100001110011100000101110101101100001100010001110111111011000001100001110001011110110101110011110
0011010110010011011101100100110000001101001011011010011111111010101111100110110100001101100110001101
1110111011010000011010011101100100000111111000010000111110101000100100100111001110110111000111000101
1000011101111110100111110001110101011011101101010010011100001100101011010010010000110101111110011000
1100011010101100011011010101110101011101000110000011001000001100100000011011110000001111000000101110
0100011010100110110000011011010111101111001101100011100100110001100101010001000110000101011100101110
1010100011110001001100111010011001100010011100011010101011101110011101110111000100001011010000110111
0111101110100000001110100101000110111110111010100100101010001101100100001111000101001011110011010101
1111111100100110000101001110001001011011110010011110000000011000010000001101111111100000110100010000
1011000000111100011011000101000111100000000001110000010111110110110011100011111000110010100000001111
1000100100001100011001010100100111000100001000110111101100000000011011100111011011000101010101101111
1100100001111101111011111100100000101111101100100010010011100111010011010001100010001101000100011111
1000010001011101111011100010011100010011001001001101101011001000101011000101110111010010000011110100
1100110110000100001110011010100111111001110110001000010001100010011000110010101010100011001011111100
0001000010101110101011111011010000011010111001100110101111101111011001100111000100111111101001011000
1100100011110111111101010110110111010111111011011111111010010110100000000000010111101111000100000001
1111100000010000100001111010100000001101011110011000001001100111001110100110000010011000010110100100
0010011111110010110011010001100011111011010100000110100100101111101110000100011000101100011010011111
0001010011100100110010111111101010010001000101010100111111010001011100111110110010010000010001011001
1011000100001110001000110000110101100001110100011000101010010111110011010001111011110111001100010100
0011101101001111111101110010111001000000001101101100111101001010101011110011010110010011101101101111
1010110010011000100100011001001110010011101110000101111100101100010000000000011101101101000001101111
0001101001011000010101101111111101100101010011100011010010100101101010100010000110010100101010110110
0111011100011110101100101100101001010001111111011100001000000011100001001111101100011010001111111000
0010010011100011010101101111100011001101101111101000001111111101111100001001001000110110000001000001
1101000110001010111000111000000001100001100110111100101100011101100111110001001001100101111111100001
1010100011111000001001111101111101001001001011110101001010010011101110101010000101111011101101100101
0001110001011101001011001111101100100001010011100100010010000001000111000110110001111000001110101011
1000001010100101110000011001101110001111010001000111001011010001110111011100011111100010001110110111
1011101001000011111001100101101101000011000110000011010101101010001011000010101110100101101111010000
0111011101100110100000000001110101111111010101000011111100101100110111101110100010100101001000100111
1101101100101111101001011010010010101100000000000101111101101010111010100001011110100101000001101110
1010100010011000101010100001000010100110010100001011001110101000001101001101010011100100011000110111
0000110000000011000100000101111001001100011101111010001101111100110001111000000000011011011010001110
1101010011100000000100100010011000011101110001110101000111001010001000000110110011010110111001110101
1100101111011111000001111001011001000010001111100011000111101100110100001001100011110010011010000100
0110101110010011110011000110101001100100100011101010001001100111101000101000001111011000000100101111
1101010000011111000111101111011011001011101101110110111101011001010101110110100001101110100111110011
0110101110000011010000010011110110011011100111101011101111111011001011100000001111100100100101110101
1000011101101110101100110110100101011010001000111110100000110011011001100010100100101001001101111111
1101000011110101011111101100100011000101101000011001000111011101110011010011000001010110101100101101
1101101010100010011011101101111010011000001111000100101100110001111001110101010111000000010101101010
0111001101111001110011101101000110001001001110110011010011011111100101110110010000010101011001001100
1100111110010111111011100010011010110111101001011100111000100110100001000010110111011111010100001111
1101010011111010010101110001101100100010010111001110110011011010001110110010000100000010010001010000
1001100111100010101101011100111101100101100101000001001000100011011110100101110000001010000110000001
1100110110001111000111010100010011011111000001000000010011101000010011010100101010101011011100010100
1101000010011001010110111010111111100000110001011100000000100001010101011101111000110011110101111011
1011001100011000100101100100110100101001111100101001110011111111000111111110111110110001101100101001
0010011001101100110101100010100110000101100101101001010100001101000001000010011101101000101101100011
1000101100100110001011011000100110101101000100011000110101100010111010011110010001101010010100110100
1101111010101001101100111110001001001011000011010011100100010101101111100010111001110010110010111111
1111010010011010111111110110110110111101011001000010011111010010100100010010101011111111011100001010
1000101110000101101000011011110101001111000101111000101111111010001001111000100110011011011001100010
0100110111110000000110100110001000101001101000010110111000111100110101101100110010111110010000000101
1011000001101111010111100011000010111000111111101010011000011100000001101000001111001010110010111000
0111000110111011011010101100011010001110010010101111000101000010100000110010011010001000011111110001
1000000100001111011011010001110111100001110010010001111010011101100011011101101010011101001000011101
1001010000010110110100010010011100110010000100010111000110110111010110001100110010100010110110101001
1001011010010001100100101011111000010010000110111011100011011100000010101101001000001011011011100010
0000011111000010100001101110001110101101110100001010011010111111110111101001110001111000100110111011
0100010000110000111110110110010110000011100011111011111011101101010101000110100110010010111110000110
1010001010011110111101100000101111100110100111111110010111010010111001000100100010101001001111010011
0000011111010000010100011110110001101001011100111000010011111011010001111100101110000010011001011111
1111101111100111000100000001001101111111100001010011100110111111111101000101111001111011111011010001
0100110001111111110110011100010011110001011110110001011000110000001100110011101010001110010000101100
1110010001110100111011110000010010000110100101001110100011101000111110001100111011110000010001111011
1001010000100110001100100100001010001110001001101100101010001001110101010101100110111101111100010111
1100111110011010000010101001011110011011001011110100000111111111101100111100110011001101101011011110
0100111110011111101000100000001100101101110100101110011010101010111110011110011000010000010000000010
0010011101010110111010101010010100010011011010110100111101110011100010110101001101001010111001001111
1110000111011101100100011101011010101110100101101000011000010001100000101001000000010001111100110001
0010100000011110001001011010000110010011101101010001101110001100100010011010000100101101011110011101
1111011110101111000100101010100111101111110100011110000010111111101101001110100101110000111111010010
0010110101111110010010110010111011110011110100110010110000101111011111111010011101101000001011001001
0010000100100110101001101011100010101001110010110101100110011101011100110001111011000101011011111110
0100000000000110010110100100100001110001011101011110111010011110110111100101001001100100011011111011
1000000110100101011111111111100111000110010111001011011011010110000100110000010000010000011001111010
1110000101010111000000111111100100101000000100101011011010011100101111100001000010000111001010111011
0101111001110100110000100100011110111000010110010101101000100101111101011011111010011000011111111010
0100000000111011010111111001100001110000100100110010011000001111111101000101001001110111001111110111
1011001000110111010110110111000010011100000101011101001110001111011010001101111010000110001001011101
0101001001111100101011101000000000011010010010111100101001110001110100100011101001110101100011100001
1000010001111110001010000011100101011000011011101101010000000101011000010001010011111000011100111100
0110000001110110100000010010011111011100000110011101111000110110010011101101001100100111011101111000
1011011001010011011001011010001011011000011101111100100110001010100111101100100100101011001001101001
0010001001110110010100111101101011011000000100000000100110111001011011100110001010100000110101010010
0110111111010001100001010111110000101101111101110101111001000111100100110110110011001010111010011110
0100001010010100110110011101101110000010100010110010000001101101010100000010100010101000101101111001
1100011000101101110101111111001011001000001010110011011010101111101100011101001001011111010011100101
0010011101010000001100000010010101111110111000011010101100010101101101101100010000100101011100101110
0100110011101110110110100000000101101011010010110011000111000111110100110010011111100100110100100111
0110111001000111101100111010010110011100101001100101010000110010111110011010011111001110010100000010
0010010110010100101000010101101001111011001100101110100011011000000000010011111101001111001000111010
1000011011101011111011100101000000010000000000101111010111101110000111001100101101111001000000110010
1101110100110100010001100001111110110001101010100010001010010000101000001101001001110100001010101110
0101111001110101111101010000100001001100101010110110100001100010011010010010110011110001000001111111
